0.848817037763667 1.93694612331179
3.97769911403715 2.42205846395386
4.98159456981405 1.64750034555064
5.22811242469282 1.06124511235651
1.75455841038038 1.86118413789699
3.22278035662394 2.44575346681119
1.2730439459199 2.87581806724675
0.0490605974198663 2.62262252866896
5.1838240493284 2.71551254352638
3.4635556962731 3.53870896899458
3.00346779028425 4.94504677619312
5.78679998905215 3.832745320661
3.01646068523088 2.5069013395424
-0.52198223692589 3.33458177614066
1.53894219298221 3.6021969440669
2.59579124322115 1.20427749587722
3.4606186415239 3.80713885417618
-0.669724239617828 4.06878678437309
3.42342128290841 1.42009090851463
5.24309557837379 1.67469356500079
1.5811976569182 2.33605608653457
4.80859181425579 2.07628136087715
3.58873882430183 2.46855761816246
1.99869924356867 2.77324715759276
2.57591080646638 2.74802041435509
2.02050379520817 2.67213412718459
1.86159910590959 4.6054868817726
2.96493986366096 2.59465070133198
1.93931204931558 2.00657809522105
5.37363518218569 2.41230762662677
3.91332270609873 2.84577355461855
5.49529947416633 2.27765606025754
4.492671685707 5.02303690694528
1.94695175841982 4.22382690260289
4.55113734775303 4.5765868882482
4.58619452536959 1.73758072730439
1.29978659660346 3.62012548174555
4.29461531889237 3.44532447378191
2.42988252597495 4.10802215554891
3.85060783262405 3.35048379629048
3.55263645127676 3.30865631885969
1.42703899295736 3.27197746837538
5.10355430846024 3.71834239827837
-0.000576705580406678 3.79194751053429
4.56401739984658 5.02662660449578
4.33166239776832 4.36540845150098
4.71566274486695 3.15998528772318
0.707804814656086 2.50316787662656
0.554660924382455 4.3575260537113
-2.48093760984485 2.51047790772805
3.9384744918689 1.24237549560705
2.12911987854621 2.34728445446703
2.64151129460532 2.50898667964012
8.20654814877983 3.15254353974959
2.29344022266825 3.88312935268956
7.03548743916887 2.45214556195613
1.53053278738273 2.09105293261245
4.60143330615495 2.62059372122147
0.909206775254164 3.0920582043343
3.33904117918298 4.6005954104201
0.0339800532205441 1.83258064880161
3.32818684628757 3.14559551260563
3.89354158894272 2.32043374101983
2.39082805530707 5.44011919233046
2.61872247085567 2.35297790805135
2.96839676508233 4.88767787187508
4.5820153108268 2.94345505235818
3.65278133629956 2.97128335144064
5.65280613485323 4.35676321065091
1.90934069271571 5.08852038278189
4.86124415396134 3.72997041159435
2.42166671757738 1.7580022529994
4.70072868099692 1.69044690639438
5.18167081517719 3.84570412472765
-0.527184757531313 1.98875846878978
1.83019788502065 2.19751030777302
6.01052791111672 2.74325223331234
1.94825490200824 3.8642982715125
3.60601182650423 2.25479393090272
4.5251616340177 3.0298984748311
1.61552543325974 2.25627015301312
3.22749864729725 2.89300732346301
5.87310267785906 3.54279381720491
-2.11572364599007 2.59262247724514
4.55302324027101 3.3887357201666
1.70005237148811 2.9927402862539
3.2006549324316 1.58043081328455
4.73234618925465 2.29538140091947
-1.38109541965299 2.75706825007232
1.45784415850119 4.0091959281035
6.31411604137052 4.25188979598724
4.82991572570451 2.76071745515491
3.17310346579886 2.44518976549629
-1.28507125186718 2.48651843697524
1.93313245773524 3.83048694853944
3.87858132194366 3.21955626219045
5.78705433222803 3.6886476405446
4.38316793111073 4.47709207957974
4.72288005821089 4.16814448142612
3.40281074261667 3.02116052680867
0.521456202436344 3.14705325309834
4.0832582028145 2.1281726073005
2.21842613026239 4.57671280221206
2.29947276246209 4.24576529014156
3.34067062532347 1.98614305441476
3.94307872710224 3.60618413566415
-1.56268973167226 3.75407826263864
-1.15945815938496 3.03593751400429
4.37864478924154 2.04479308411383
-1.87371784426474 3.09425996096398
2.96710308711042 3.58706034401035
3.35625374053646 3.04950310584603
3.87850468559584 3.2407658434815
7.48610712507501 2.25778454740873
3.62860510445221 3.81788245712309
3.26427966092275 3.53931384400213
4.61324350372532 4.25568388388679
3.23955988083743 1.39495353534463
3.45320426619532 2.41340081689874
4.86268846938425 0.109997411523145
4.74088022393641 1.67573509206794
3.49713524635732 2.95393322752471
4.75275153246381 3.69621933463692
1.42065543328182 2.17353310767585
0.95076772024552 2.16449358282595
2.84542481038705 2.87905256365395
2.76216808486653 3.21051207616051
1.40368787025522 0.211278615949789
5.93324080771479 4.57987918574478
4.0796429581498 4.15205985703675
1.3790507875416 4.3034605619191
6.55748181807024 1.91348327490574
4.42281806696256 4.26796337946842
3.95288045045299 3.38665947875918
2.05429001936336 4.37776996140067
3.1931234622177 1.19451226385697
4.28842171322544 4.47215869126762
3.93553909037323 2.27472067969438
3.54160263944661 2.97460777053103
5.37920748110454 2.77283305721523
2.09629386991295 2.63269147835119
3.75345375265854 4.02947519539762
2.10527101199506 4.28283251593608
2.75145430151015 2.66970639644779
1.7044196737968 1.3182857791031
3.15949826349835 4.68687230019593
0.701497072712533 1.5920055547654
3.07249575888774 4.68346276789158
3.60225587640671 4.07028745797434
3.57627839569909 3.55509670296031
3.49783128910127 2.28555805098899
4.63327159272555 3.49322290850873
2.51387566811918 4.2782269317463
4.80195042164952 2.95625365692235
5.56344798812892 4.35876976863503
3.53347095386934 3.5262746903018
4.2048365610863 1.33572248483745
2.86023810877865 2.37613986821634
1.69630725244323 3.19003101408627
1.77681578588855 2.89924092354816
0.758320378535382 3.15196579918782
1.87604485645327 1.42998257823703
1.15105763153304 2.40613462600431
2.65501060329567 3.17163602080704
3.16527003598713 1.38037980959043
2.88888741905696 2.52024853394168
0.950831914488938 2.99685671234709
6.20982498978149 4.79167720008541
1.58800839424165 1.97642679873284
0.74407856052766 2.30627255590473
3.79073431264933 1.90530371371479
3.14504183483177 5.12925357390233
4.67356819148635 2.77663487042041
3.8677418399122 2.71309696140601
4.83675025990784 0.952691870063119
1.69358945141092 1.14360129996363
2.92390964569222 3.75220292296459
0.0390680298730786 4.53151631205155
1.62361613997882 4.14897358323833
0.0893866852970699 2.99344886545741
2.64029407333259 4.16413694143847
4.02807908220219 4.09510207301485
-0.91182978319139 1.81746727091958
3.42953531986638 4.52006803346526
1.85042408255327 2.93672391599079
4.41787278293479 2.98867451909412
3.51258676058043 2.62711501173819
4.78206245789699 2.74557925710823
5.36599420223777 3.27885283634668
-0.509703149685504 4.17173220668765
0.893428596317747 2.86883998991111
3.39505330332997 5.77508152014915
2.42682495469791 3.98558511911972
0.949652522047147 4.24464474485654
2.03051296011655 3.05425041583989
8.57571600042558 1.64158911331887
-0.105569779407228 2.1712039118786
-0.543448341236927 2.88386325642814
4.00638212824283 3.65636168597249
1.23677841833359 2.46931817523889
1.58306378903366 3.70982677645488
0.150611868238992 4.50654941395963
3.48130392205928 1.97569954901292
2.85114027132259 2.68823081102208
3.98124718068157 2.82149719994115
0.391572966449348 1.41171339152474
4.48669693601619 1.78577419683777
3.48166536911131 2.98069685841379
5.14815445544782 3.60216376815372
5.39065152951236 2.62556434263144
1.15953876986364 3.93571707801126
4.67905979389412 3.46799027376762
1.59470112917636 4.79680648472949
2.32621602986184 3.52176858444139
3.66249564974758 3.77356736239552
3.00713894766294 3.03266055353738
2.85144996192472 1.93872542567929
7.59814996651748 3.82791168397358
1.19776262825833 2.75886775741036
2.0770843363985 2.7834757966087
2.48708019335915 2.00215678166082
4.18146578243754 4.62700004544395
4.08884722270861 2.73695450158856
-0.0669125289631052 1.61826730475254
6.01813177010357 2.82097554426475
5.0251060754726 2.93744445476407
3.00162486599516 3.21679263227546
3.67265518291879 1.23614490401611
7.28974386080006 3.32520063747834
0.928694227797286 2.291423092491
3.68598877126191 3.60293563122154
1.56274422741296 1.33990704135022
2.43526752694368 1.60639689709882
5.13111927116295 4.69452991188811
3.74679530962457 3.00380620059225
2.27680468642571 1.30427500656828
2.41836929066428 4.00542720556312
6.16471446697175 2.46016026160604
3.68407054477677 3.04485852349751
2.48497892126594 3.49846482127491
4.91708643097949 3.40146780769212
4.08423066225862 2.71967448020285
2.3640581503574 3.6050632645825
5.1935643986461 3.61678700376898
3.35408948944476 4.40954661005789
1.93870134710717 4.70328314046579
0.403136392673888 2.3463844175932
0.747894771142438 2.74334448835821
5.12079667733509 1.54070938553373
2.77968066198814 2.90726436889138
2.51417899098786 2.09875471302965
6.95485336404305 3.13734886213245
5.1659103019744 2.2643403174482
3.851488223401 1.5227883468562
4.9094884066987 0.493514970595851
3.41920452600455 2.60350744941332
-1.861189206604 3.03604243747637
0.105376773176039 2.99874347115256
3.02938343438609 4.16091587385549
1.21085071616248 2.47017021120394
6.71556280229405 2.91640205804199
3.21588245589406 3.01604263296776
4.66826817832983 2.19578094331761
3.57846812086915 4.02942081967753
1.74545626535027 5.29097767575477
2.5240700953455 3.55740888065767
5.88422146042479 1.48187970260541
1.54868709463053 4.54680715536196
6.37492264646049 4.30218362369503
1.15596798860981 1.44543518753098
3.72496445233469 3.41651260279127
3.66559600025371 2.22743198628762
1.36008969123565 4.33582214380306
4.30046213672097 2.79774217582005
1.56361871374938 1.94956947141854
3.25064513642676 1.83334914351511
2.45828966127386 3.64449559067535
2.93405770629562 2.55634197785592
2.50886788634463 2.71772743471017
0.22245830898836 3.45878379126244
2.49114625843757 3.43880006002234
6.684697383156 5.14900871849071
5.97043100402679 3.142530518049
2.5002181513554 3.23859009209626
4.24935241477387 3.83531806652439
3.17852084186237 4.21195218563367
-0.170040175252611 2.77520483200867
3.02680010006273 4.08411197867087
4.59585460562206 2.75497224754384
-0.416550257600004 2.43708316409861
4.10304135394837 2.61985704538612
1.76239896952944 3.90571141862742
1.5599687159853 2.94713252050303
3.32429685021026 2.35736878041698
-0.400611747193732 3.28223628153796
3.43466855931811 3.63409732468343
1.31416232256355 2.37048723185125
0.70855882831339 4.52703289014347
3.82827273012802 1.54037992792965
1.09103719292718 2.33731026902741
2.52746091281863 1.41618592741985
3.37823592984295 2.45015666271188
4.19333740463749 3.36517284545206
3.23700191650938 3.31250585744113
3.92687686208412 2.60962796426789
3.6857318139223 2.9225521249542
4.79468614028514 2.95408712761115
1.72958020839441 2.64474650785161
5.5627097677784 3.00846749755657
0.125346414296772 1.63505936819718
7.8517467384866 2.00570696480225
3.11944509701432 3.5715023535603
3.24204791693716 3.28657787771166
5.76147534595632 3.9677476680395
4.96564081852398 3.89354630094518
0.815076630052471 2.7303614936089
4.9496641028421 3.06500417695914
4.46250794109621 2.02143852150691
0.560428499736962 1.80691558972033
3.56903040129332 4.94167272330499
1.51454894003238 3.71505459501145
1.38079876145951 1.79461260095271
3.48804357412513 2.07437014213249
2.21951283506735 5.25791820671556
2.36000061617099 4.14469603945524
4.63028373240445 2.34723200130327
1.14365436843314 2.7500784150551
1.78532187245927 1.51321163495262
3.32559723040537 4.37486260758729
2.67134178023202 5.2903714855811
0.319746097811523 3.64678830061485
-0.814141648034414 2.62952392235376
6.24116061533436 1.70297890702604
4.29505308794445 2.88837802392708
7.02839249052462 1.62527519158062
3.62404471492332 2.14454170399677
4.84009893263928 3.79033478682708
3.07707462459808 3.03025439923123
4.84438750687693 3.01935846016089
4.70824513383365 4.19496885761531
5.24041888980761 1.48874544547872
2.11467704125529 2.35950928484119
4.81320432576066 3.84411774952412
5.03685073992663 3.9954665868203
2.50497307279159 2.5740054926228
2.38480599094532 4.84303755453979
2.10228629090273 2.46612572474735
3.88089337770865 3.5750206368665
2.56708666884183 2.68024845103124
0.846788171992153 4.73959484864216
2.98884874282986 3.87751717088801
2.97513355465846 2.74244026973629
6.7618079401357 0.634213652586403
-3.23839598137429 2.99660998965819
0.86395081265313 4.90637767614647
2.41583248227798 3.04839177471761
3.2993746998752 2.75970145043976
0.570339494885811 3.90986343011229
3.25624940896204 1.99972309749928
4.18540828656347 2.85343206298091
2.32060732324355 3.42576356181095
4.36579354334117 2.34631823944906
-0.189473282852915 2.25269962506973
2.46535773551682 3.28848682168008
2.56719264574708 2.13525204219861
6.46259052539391 1.32757190598596
3.52581840190977 3.02484117921607
1.43753599493298 3.89275423585337
-1.14349049058529 3.51966305945924
5.97932730319933 4.12233095287389
3.60936082400079 3.50003021670197
-2.89853012561209 4.16298919005253
1.80400618411376 2.25540526372284
3.89696537132156 2.99522062685226
3.40724904710748 2.3254349303595
2.51306818765929 3.93012525166777
4.29420211359305 2.54435942568187
4.45904160601481 1.53011169096979
4.24714152584463 3.34001094830487
3.02546377157835 1.93643214126518
-0.412250185265531 4.10618232373342
2.7844986633976 3.54365903828649
6.3393267375628 2.09016660427646
3.01111087307028 4.58978587508845
8.71665106587693 3.37996167216073
1.81559358542686 2.21312809120216
0.0531512593528571 2.55085329560524
3.222413096454 2.0895945661692
4.79589580610452 2.38895789018473
3.66702914599823 2.30678665110959
1.7202221703185 4.60800758069679
5.25772896643429 3.62191158774599
4.94766660417303 1.9025626566182
5.88347668416972 1.84044965526913
6.91777119425747 3.4511879550557
4.98445134224324 2.41450119930923
2.46503177507832 1.89125958411462
5.9544361292943 2.91467869829332
1.8587311898188 3.08506928599365
0.0257925719166314 1.37511946907801
1.97712661819162 3.44620060761478
1.25986471033233 4.31626988352413
2.64075341189967 3.05788424915221
1.72674125155305 3.57175941381415
3.69022288263113 2.8879131935084
3.77213453307642 2.45451526876965
6.81100691918444 2.28062138834481
2.54433026285019 3.11084070953332
4.93768510446283 4.0019564204641
4.43142812741365 2.30933939429014
5.70433017877014 4.7398635945798
1.5769653856484 3.04667581196423
4.23836448381484 3.29139191704811
3.02398545954003 2.64543405364667
4.01373384538131 4.92319324702976
1.32314923517458 1.62113295078168
3.7645442862297 3.39690152284928
1.91089704056728 2.09235869796325
3.34956230709847 1.14363941610443
5.9439444911762 3.85513515339256
6.50929587855315 4.78093746325863
3.43045093193946 3.89812503292584
1.52198186213829 3.01134087050054
4.30653779954147 2.16520248505132
4.96947736992926 3.28695094730636
3.92620155696945 1.75296296347376
5.18445942419304 1.77450338628831
2.75914153140019 2.56346790858475
2.72426441185951 1.88424807153851
4.49536192282163 4.22448389528929
0.577611970926446 3.3145252408189
4.57736219215778 3.47181394530275
5.37641587076386 2.20824170508365
1.85677066759555 2.35349561192035
0.793298423490955 3.53721785739002
4.46244145668746 2.20437199414074
2.38410527225399 2.73815539914777
5.48319016274291 3.717566455503
4.04111724502476 2.39275356513304
3.3276868904411 2.72470639952232
4.21675691980036 3.58105114054528
1.04988682836658 3.61764530994199
0.301023480631579 4.37707562663011
0.789530886773734 2.18511299748425
2.88157983785782 3.79011661280916
2.98724844370797 2.80250533841819
4.19599480838496 3.13544753626097
3.26920270951039 1.37633084228057
4.56233257043152 5.79702442256259
0.646586939436883 2.23307898370871
4.16362900921657 3.96193297428306
7.26672653541451 0.9310946824586
2.4727900370708 3.33984085664799
1.25787997413697 3.1111787972865
3.50454127303034 3.46359125206695
1.27164408210558 1.15637346139528
0.993983681276875 2.98632269123811
4.05586589476112 2.34385379276373
5.31048008094001 2.50412376798689
2.24804026086581 4.75555116051042
4.13870575866362 2.25243970587252
5.18295408940309 0.755272658145236
4.66779255369632 2.16745495266913
1.13315447879089 3.36711684998084
2.96424479865111 2.60695393422735
2.4909359206602 2.38297573982763
4.6608086243704 1.9807015780369
2.28114603817045 3.51727484623998
0.740771712767403 1.80214865430481
6.0791773674426 4.06226002422268
1.85307655101458 2.39917368038781
3.79101130940235 2.95693758655013
5.06582295018808 1.98741173170733
2.59843889480522 2.00374933126399
3.45128207171876 4.62110556233664
1.97783948599899 3.18112704758683
6.18353545256817 2.55878569545099
4.19408133646307 1.73397918880546
2.05018529730918 3.42870279834102
3.72202138576653 3.42270024904504
2.14011455525309 1.50606988600395
5.33044687042577 2.97941573343003
1.54235858429115 1.38946292980583
1.09714658837922 4.8013949005651
4.46409944434929 3.63634670293818
2.16516147825661 1.86999978487583
4.04224574860232 3.02313450354382
2.91627096873065 1.40419933466054
1.7199413561211 2.93341324678617
7.3496515523672 3.61791462604841
0.430700943692054 3.74876474580487
4.03022819143813 1.99633830690259
4.98297261002188 3.72135442346052
4.47270393747602 3.15878520558357
2.31356755468609 4.03825283116097
5.6295502493533 3.09333964236757
1.41473875691951 2.61653442717699
5.03246741509403 1.28998664221234
2.2701139591757 3.43365240546062
2.0529772751747 2.55249987845085
3.91739417174576 1.3458506935548
6.38278448405278 2.83460180232373
5.50205243095534 2.86136732220667
1.62637592158261 3.41429666840524
5.09304309302675 3.44476610963205
3.87127720833136 3.95434559813574
1.65405646141906 3.80713192123216
1.28025314963819 2.41791854013205
0.680024949898677 1.46094548765449
0.332168950707326 3.72096170232835
-0.297569405437368 3.75394846143943
2.9317983971816 1.51986877698017
5.25053694291878 2.79533967665214
-0.599081421324558 0.547674027606304
3.48793827461043 1.66568229149949
2.62289923261547 3.06170295392895
2.21324305965741 1.33833411727442
4.08648874623586 3.24869304204212
1.33122317656696 2.32117742988071
0.990654560778123 3.6854327272094
2.19897761760364 3.27956994848793
5.77217127210925 2.37445921012061
4.41047595794127 3.64729688572383
1.53751443798996 2.57891060826337
5.08834348108497 4.7231667547962
4.76288251905947 2.82274409401241
-0.383668668306616 2.46265088458159
4.38014662329776 4.8206448967235
1.41002617141151 3.15204752308145
3.33191404282041 3.13429915131493
3.50261405862441 2.51582092419044
5.43015036769408 1.31290485822031
3.22102682960687 3.83959549219142
1.58758561041932 1.5446358313026
6.31042131993311 2.41361156609859
2.89428179792557 2.70246454639813
3.75332527997674 2.45132781168746
3.79918823560207 3.17625878296574
-0.634167396500374 2.67353095491778
2.48643653510977 3.66235508155313
3.47194346827283 3.90558362019464
3.1843217740739 4.43932203230789
2.69185804000101 3.79014089425934
4.91506028924772 4.26652336338971
4.68712007733454 3.04315599670781
2.57562274745441 2.27089144304268
1.0038146842313 5.10712542739471
0.549692412487546 1.78169474271543
3.67308032539003 3.30408718498132
2.25375119844579 1.60876202289585
4.62339641579675 3.4901639051095
3.75959079781258 1.3912742335027
2.73767369284557 4.14668541557372
3.73676096665323 2.29262742967935
3.50689806849797 3.33821937530517
-0.0726082752840851 4.14038705440103
0.858572706747967 4.10330304392729
3.46252884847004 2.31004680367564
2.0746273773698 3.38678893966983
4.17718177545071 3.23227094844909
2.83998545140489 4.29487138156354
3.14097201915067 3.07852242825144
0.888224559450525 4.08264768403775
2.55846972631553 3.13192211005947
3.56389829295459 3.08056709346636
4.44990958528554 2.99084241335035
1.21872316236623 4.25881504519472
1.92461564941203 4.42048988118228
3.22413989544559 2.2575042972104
4.78897059049476 2.05660888299476
2.30928382781247 3.56510018799524
2.75400952131103 2.7090449104031
3.83954842100709 2.20601485504217
3.412973174479 4.80531119898997
5.91560665547994 3.58955070760842
5.30317934628438 2.40748188284784
3.79862666503422 5.06117535449561
3.30809931758329 0.985586329666448
4.81967585767915 5.15425148851973
2.60153745099925 4.60938511723913
0.850655914306676 2.83283342547308
1.44462080756115 2.19980043901858
3.08808216303667 1.70948016216512
4.78013473905176 5.12973857790425
4.44292733698342 4.41988746580506
1.85870166544771 2.94183377621031
2.180323525466 2.70932637137139
6.1986242909978 2.69693186199145
2.15551915621628 2.61794280192385
1.00418491443139 3.97321834982538
3.43108432831986 3.95466790119186
0.944537277728476 1.69589814095744
2.69466532413135 2.68990481243352
-0.503410405035578 1.25003261200741
7.20580118380946 2.52290612692135
4.23196595023863 2.32375385741734
3.30887219882818 3.5409233995217
2.05654083763109 4.6020154468557
8.59753850009466 3.65837318294369
4.52091264386058 3.87779573974344
3.63659710742176 2.63917242248494
4.62761073715365 1.77449720344
2.5435139389371 2.99730742262121
6.38689543029345 2.05348486616266
4.20594893800037 3.0823820467961
0.996814977785702 4.37932732950607
7.14371955610489 3.79763260037092
2.95475169336816 2.79768389904708
5.78161042907831 3.83627305127325
0.118442222949068 1.03774801056324
3.86581500028129 2.1230453451302
2.29089096803835 4.08417303257028
4.05607086627546 2.58828485526165
1.2836872183524 3.08104388445747
0.916419253915188 4.27858347442184
6.60441631773605 4.00060300857021
2.30456102904485 2.06557797557289
2.02049613048435 2.03465001826715
4.15886713230712 3.89115216868699
2.32547037985217 2.70642849970163
3.19542190081881 0.736565874710541
1.27188281836942 1.80134714573793
1.24194525976884 2.03962978732955
4.90407982338322 3.52825151720755
3.37417333828231 4.19626793990808
2.99734188580602 3.89182794348247
8.97783751420353 2.94466922187231
0.249098830948999 2.15363133728487
5.8319482791771 1.03726073783283
2.29129431888873 3.74265408305835
6.12271439064772 4.48239754093912
1.59718351636527 2.42252205757182
4.61141433887959 3.18339530916146
4.04817466246991 2.9102917768779
3.56021917380695 2.31255019189477
1.01982766128878 3.3691270952519
1.98211933822458 3.10366840525563
2.3571754872306 4.11595270811613
4.29565995884032 4.04581816694644
5.45503007109404 4.21997720396046
-0.415805715228633 3.75251404703367
3.16905847627136 3.42096101376157
5.88854710838955 3.22078003904007
5.04234758197324 4.04323619413502
-4.68673460632836 2.35077821893294
4.42434592240567 2.94262720273453
-0.936207078552262 3.48133862291748
6.60825589128997 1.33999226454364
1.11786673280936 5.3550330930219
2.20948235372873 3.24396301361045
1.57505539164328 3.54930415880499
4.10726445250473 3.02325813913589
5.24252624416358 2.7167264853911
3.40146663270763 3.26591640146841
10.338610963051 3.25843806241997
1.55681613197488 2.57826315699
0.716488000003512 5.20536042456357
4.61841074640069 2.05657131672868
4.91093498116362 1.40219551900217
5.04579645495097 1.61966980161172
4.7655192950085 1.58196671650281
0.949021861556091 2.54722917699375
2.7252400901698 3.17601673811573
3.78382041511825 2.26512396494859
3.49092832757541 2.53620157704593
4.62744112421217 1.21818668958263
3.72397805670921 3.18100927521282
1.54212955762742 3.51185149839094
3.04080547449652 1.68921552431749
0.404506117970986 3.6385686509948
1.25135672469602 5.2734731522347
0.411537387941371 2.76166826710765
3.21097084418558 3.29414591765885
1.26969969356283 3.31474137067382
3.1411464311176 3.72662663521046
2.86239427830731 2.75454012091589
4.02556647821651 3.79565006647931
5.43459120400679 2.99328124248395
5.50216651549021 3.24585761943682
0.240691945794354 3.38511044732587
1.78439138921328 3.51994334958991
4.60365905215011 2.29015635100253
2.0071333643686 2.26209001993518
2.4500081473635 2.06646120653848
2.15031155012538 1.95736103597797
3.20721760980259 4.38805780360221
1.47445537755056 3.97948458130476
2.63608968920978 3.54321856905005
2.30657563072189 3.45180804255076
2.81884167127254 3.21249638169983
3.36240202004789 3.50038138134876
2.78716120162821 3.4107925083943
3.8686342574879 2.139087331174
3.49716467406224 2.65578055497991
4.48280808640294 5.00832300896317
4.87369554514987 2.99223601990708
2.27183291342025 2.10140558812501
0.128955965513878 2.08315881544207
4.24146663000645 4.24850440144981
6.32352511749835 1.82758841666194
2.94584561836831 3.3221428561183
1.14743548350541 1.48503461880142
1.56256621830622 2.65667858288695
2.88638637213678 2.38390497900644
3.13364870024991 3.25985340364299
0.601563180811282 2.25798986789531
-0.204695231571649 2.76725743462714
4.40457404483721 3.39826608667137
6.62935987530586 3.4224214113212
2.81435747352705 2.46521053279536
3.4662591237935 2.55070290964988
6.88460931922706 4.23486364630386
5.17241730314859 2.75389347728093
3.81382315150849 3.15430067274698
2.32326270180077 3.19454377410197
1.72164322753466 3.26790989103023
3.43273469357221 3.22606641779912
2.11084302119628 2.98933508782508
-0.092388639416245 2.58310090292455
3.00380024350301 2.52502224154705
2.6073895741322 1.53423686127192
1.24968447964701 1.04071583958659
7.58022082217323 4.54716345827265
4.01264884718052 3.72243055284943
5.37180538959638 3.15061701118173
1.01952681967342 2.63383514988056
6.94612749875926 2.57958250095952
4.93724795430408 2.81337714446564
1.68522207200991 2.0142670797093
2.39448986388019 1.04547773783681
5.68896011697467 2.20117933120505
1.23285256618205 1.09324278098733
3.96235011821068 2.93905013533925
1.80249011984605 3.76875736682235
4.82927543154194 3.9623763214234
1.89085597434048 3.05200481191439
6.15411946067413 3.04230097189548
5.88918717348049 5.03405139565319
0.834653398864282 3.75733350737905
5.93280625257646 3.18375519293827
-1.85723603504689 2.3040008388316
-0.865714261669173 3.98921433407681
4.54836080441003 3.9230307979456
3.96473128696971 2.66914269279218
3.44339898953095 3.29152499791656
6.53217752289643 4.44277605185371
-0.0117308640495222 4.28984281685533
0.257278360675869 3.92984675252998
2.06845356481159 3.6206718269649
2.57588497416402 2.18809286965578
1.02216129599972 3.86589967038021
4.17753656882529 3.07870200112816
2.53388397105939 0.638636224907795
7.02508135188844 2.23672958318142
-0.305804424786178 3.350209792251
0.789800281967587 5.37441423613828
3.49876293389293 2.61560747138444
1.32851953296678 1.86663161596669
2.64311059200398 2.42811857953869
5.08012893604221 4.10627218575103
1.5256064757634 0.848602349098605
1.01718256244053 3.42679719568679
3.9796381280492 3.30698563029774
2.87112178190011 3.28142061371589
4.90593697920231 3.18786644525938
0.528816237835489 2.91307241038899
6.49528166374088 3.32113744453545
3.85840822424393 4.49712762172933
7.10653627687965 3.51395058014098
1.06251836195201 2.5033669408644
2.53690522093863 1.83410511744554
0.740994338470014 3.31961565194961
2.7669757986692 4.12682893191601
3.5931497640017 1.97403623923201
0.683709318432162 3.07682991099098
6.38302724644817 1.72766018431942
1.5438161109732 2.29428620695554
4.25493925295951 3.24900974970477
3.50298425814882 4.24206223775491
4.68673095177633 3.35207074487914
2.7429279465959 3.51090451476154
1.92392736341848 3.3323501361283
2.07282018182246 1.92968637360709
5.56875527125018 3.24558736858247
2.7101619093832 3.58644442305003
4.06071866732175 3.20044158113844
4.22818400961286 2.83058365511818
0.068763677828207 2.49171955825865
4.40841104744448 2.30008995904022
2.29518193203713 3.14684521113753
0.851232418830792 2.59483151053445
4.34189315658974 2.75990153799862
-1.67091328922953 2.44638841843255
3.64462462958011 2.72881878654922
1.40714917875413 3.07538491668062
-0.043957737356076 0.757454738208236
1.44673908237837 2.40537923856826
5.29356595882687 3.13460256543046
2.20935192359382 0.393650729914425
3.64746600190314 1.33844584687534
4.31612724639123 3.23722885036584
2.91460073771701 2.83450814669249
2.18629842001925 2.38334346109325
1.41342034375562 2.52741789112814
4.96207909315698 2.44333878099059
2.21011787698811 3.10254669439727
6.16051897221571 3.96881463746993
3.2348059099826 2.80211775951761
4.18858216671519 2.44765736447358
4.39612575342474 1.91436153215897
2.2843471338909 3.85698607024178
0.493912106945309 5.21002556807946
2.96696551386795 2.03716372048123
2.7736901946782 4.58844742567013
1.46737042378082 2.22101166876489
1.70494621355956 3.30381336259942
0.631406016428381 3.72355482113585
-1.6610913301719 1.71835922607722
1.22069825900339 3.32108509209434
1.67332993576785 1.41940545261117
0.444701629933925 -0.413902967415336
2.7425088383968 3.04007820046433
1.48419252819442 2.32210997251026
6.19889990211753 2.54475712966845
7.27808183042698 3.54817183891549
2.64375056694491 2.44968224710702
3.1468089732524 5.11930307121963
3.33363058814915 2.55143255475759
2.94539585936084 3.40369548465198
2.83915471414936 2.87721809811792
2.44149879909207 1.42632174642471
0.712371553234394 3.49504337648244
-0.215190663936846 3.87754143516933
5.77024053628666 3.58222488922501
5.53926623710304 3.40535105350405
5.81251510491158 1.86541860313848
3.98156857046693 3.67325370898022
1.06857843282504 1.19875102923404
3.49825718164217 3.28906371621529
1.81634479191555 4.43562031642589
2.06981192179995 3.42558815422001
4.15793861419288 0.528215290483129
2.42426746814005 4.89267871927819
1.70498297900606 2.89158619488614
5.35274112931312 2.47588082612509
0.534707007951592 3.08918471376279
-0.797051987620681 1.73505362125386
4.96459175218325 2.61794726696612
4.44951572571694 4.19975223047536
3.3930171694275 2.74578672108264
3.27152176345545 2.66926727796464
-0.650335399519561 2.7620798028657
3.6014842210805 2.50552742467534
0.944661119937194 3.03156389905753
2.0945526162495 4.271850901057
2.82676383338642 1.35608733241107
5.99855393842364 2.30100142103851
2.39987860930258 2.95970280480907
2.84354719788768 3.03945857359305
3.45716041415061 -0.573951047683113
6.02188847252453 4.11037328552063
1.62206926867931 2.97802032324202
0.638259664517389 2.44053245272765
5.02863311473493 3.05001949552155
7.02120800228537 0.526659538156423
4.20509927315985 3.15601428213363
1.89465803343314 3.8259721949211
4.321199299416 4.13140984223296
3.59597492332096 3.70978346294262
6.04603141053521 2.0678953314269
8.7083610695867 3.07379054754169
2.39960865059735 1.58947529951063
-0.234165823822631 3.46129428348229
5.6014906751008 1.71736283706919
4.05545628273553 0.845079629306526
2.19062634346146 3.25024213351302
2.11474622296544 1.5803073981128
2.92597469689419 2.32087463247653
4.51497621033866 2.10775598019406
5.19208375467033 3.19292238765222
3.60422715861547 2.22993856567238
-2.37561173005864 5.57585939862146
2.15473942674545 2.59269882981073
-0.511016863545669 3.47018800463528
3.79124810511813 2.63533046765969
5.68011850237948 1.84676655145303
3.37705921597655 2.37030519180429
0.403164659778193 2.92099366366294
2.68492383497449 2.90936445872835
3.79148003538245 2.99669938434875
0.832445897204813 0.931711532841013
3.61152811741204 2.71322388639277
4.05845259532654 2.32152471683697
3.51113396820468 2.96449870787439
2.51241903237407 3.27421806779448
5.5919534496108 3.12043366412231
3.89287199446012 2.54619655609613
3.41402970711119 2.73170402657479
2.56084004294459 2.88100934645136
3.75113221295596 2.23647165655998
2.50572189843457 4.91807746113441
2.78099737889068 2.89253100297777
1.31046923805963 3.13151039330427
0.768257814223943 2.03897689103748
2.18646643356796 1.91912697007589
-0.537110837267647 4.36506459222148
4.72394523412559 2.9213795989282
1.72088712587319 2.72398081519139
3.67407935347863 2.75135787362822
2.23257782647368 5.08357180996959
3.63289602852636 4.09272742987374
5.09249262561642 3.17457010760578
4.69694328284113 2.68969337057777
3.60690625062537 3.84998855591445
3.12355398513785 1.86903075082516
4.85036952648503 3.67813592167301
4.02907041684011 0.100243461432872
4.47929333419815 3.97261187954479
4.74541017786233 4.07499218103659
4.33161166637403 2.0239692042008
6.33666459374414 3.74232452519465
2.7355443299404 3.79618067715147
2.22359225568144 2.58490530210252
1.31071422044934 3.74732730861439
3.29245961756566 2.4323431234842
4.79170196604345 4.16193467556489
0.874067767642429 4.96409265265379
1.12766729473148 3.96135491207149
3.63687554681142 2.85789569004225
0.629163459332939 1.52080062474805
-0.612580676577752 2.48251965871849
-0.202659379099908 2.08146299899959
-0.31766510625061 1.55150714777604
4.86915640887819 5.06021439911202
2.30345627636171 2.67191802979896
2.35879091210695 2.57401631682635
1.2278134232414 2.79440821309991
6.31885238606645 3.13751979816488
0.954721069343958 4.1318124007434
4.65596968165082 1.44654549901947
4.02477312586167 3.21885337775749
3.77385635253259 3.45997308603313
4.53153624281381 1.96537204017951
2.75350519574984 4.24335880376159
2.76341464726361 3.49564304093099
5.82754167748911 3.5249736438516
4.5030639675698 4.49161633820994
5.83646209355694 2.91254370930936
5.57117354916527 2.08813407376217
4.83486600068573 3.12134701581913
5.44810363146776 3.15473273532681
1.65945399539045 3.36419949056062
4.16019335595902 4.3178549482799
6.60085413527541 4.13109733908881
1.18093831864445 2.46455974990335
2.9105319513243 4.4737690494483
1.00219967946625 2.36109151660979
2.27989517365888 4.72614480171368
6.87905474446137 3.00063820162865
6.01204369801701 2.3937122229244
2.74380349025863 3.6010300920817
5.91799430209832 3.67299021353237
6.12462293525314 2.46687668560014
2.72415410333362 6.53072643894566
1.88833606833408 2.15715658894268
2.85981025110168 2.35279138016305
-0.248982587514092 2.69871280461279
1.12091948092404 3.54547991026566
3.32396235699605 4.63909263730105
2.75657227512101 4.87454131966664
4.17060830034214 3.75791696721742
3.64389843623254 2.20905515580186
4.72237002889245 3.21949808797634
5.24873480428164 2.70789631721652
3.49021809091229 2.15351893056767
4.77283924762532 2.97169990902076
0.40412657388584 4.87304932246004
3.6131852074112 2.1431928624888
4.31346567031851 3.51637819616016
3.90798619346906 4.19847385472305
2.90989950197283 2.18586890955496
6.22974412171917 1.979547066946
1.44495138947907 4.55865160896145
5.65781055999361 3.94603023232091
2.97325162427303 4.17282655912128
3.41749392791442 4.41085476195241
-0.484896885306012 3.88510255872173
3.03057226099716 3.75546173118566
0.928716137344713 2.0873272257819
1.55644602825404 1.76833377377547
4.72608633993193 2.50649289471993
3.10778150323009 1.99127964590466
2.41105662026759 2.17743045791567
6.19798263276775 4.30787976148869
7.89314762115924 2.85258834318032
4.56063105426475 2.87598771586915
-0.464125709063219 3.14069853293998
2.13756185100638 2.36370921364232
5.01079146187887 2.54470260035484
2.63912744822784 4.99837878956041
3.70639402972805 4.0668065706367
1.29001803652009 2.80946713442395
4.9130416234287 2.22397930576032
1.32218276853656 4.13997236392688
0.420642584335108 1.18982949441511
4.09585249498959 2.99202359767704
1.88447890070414 1.73232892351603
2.77859048352057 2.07417366610867
0.531411422714985 3.28741451008652
5.30162284896177 3.04334768312596
0.195699542913654 4.57631681504462
3.5033152618559 3.93251544269376
2.11928384088357 4.87336751572507
4.32079109499635 4.5201984314034
1.36822786011635 2.9559624838998
2.36543416005263 2.68049214052285
1.67871485039018 2.54429325305593
2.02141446479808 2.42467130519485
1.45009449694007 4.26898645833344
3.90428164009508 2.8462388406513
2.09664535388865 3.33937733419147
-1.73159666637351 1.46534849843479
2.73216756791295 0.836200945019456
0.851233990611456 2.08300735424198
3.10066649170439 1.13464076820349
3.24381067225854 3.39775094749997
4.41124375742207 2.77672600133689
5.96356965500023 2.57716937039716
4.32450275485134 2.26612887272564
1.86815576868073 4.08935408749001
4.0558767062518 2.38769213295153
2.79308673812792 1.85206236727272
0.481705688428898 3.80939082986755
7.17720226500805 4.30054879440272
1.93831755036549 2.56676862038031
2.32999633207038 3.76022086784879
3.76837241826537 -0.272805309876562
4.28335173461352 3.13511644942114
1.92356250033482 2.81085635469854
3.4759408371225 3.11823901572643
3.46745425413397 3.2034468246476
6.33848347279978 3.29980204899107
-0.800702337423941 5.03575124688086
3.23319685206111 2.06678798328112
-0.888510193438944 3.33284556707903
2.64715937969264 3.30609091303198
2.64023576616543 2.43030692404522
0.382301955588543 2.02738223939104
1.399829779409 3.36157515246695
5.43669687247668 2.72866648915378
2.24276515181357 3.11985030490338
4.90904531079963 3.75361337513407
2.04212432622512 1.48640720258637
5.63428546967751 3.15063227056862
2.53248808832499 2.52718668797454
1.20912295954445 2.88637860150523
3.56117286170456 2.92079819457809
0.695605229200674 4.4807750443319
4.21018687685371 3.3589379023316
0.304311235249221 3.57079580758893
2.29951251010618 4.21621338162204
4.19042607001427 2.19438680334604
1.84277286817914 3.63089749565568
3.65413895125232 1.46248257180529
4.48167941869259 4.31617698974347
5.3179174227042 3.69968662171619
3.84378786481744 1.79500668248776
3.24388641553513 2.02020543045591
0.637897260905989 2.80707438022521
5.71057252532937 3.68197822530861
4.61128909046672 3.17592653964814
-0.102083433151624 2.83807358074731
0.992639575487968 2.63350822399408
1.1936970162898 3.01361505168664
1.37222174051908 3.15830525425236
-0.440288374073584 2.24162663906456
1.61489967422626 3.69504262789585
3.20386284129987 2.92386785747118
1.44112459143238 1.9085648804826
0.603310295098874 2.23316849857127
3.15291922863856 -0.219882534366064
-1.14430045269802 3.37952850325214
3.56065849178955 3.65883761184786
0.887742896420564 4.06456156132303
2.61206139088667 2.84770622553944
4.5818665549391 1.95451501956723
3.07238384080082 3.44029731448025
4.67798489783395 2.63035451446546
3.21333510783603 3.51883587910468
6.50664879512328 1.71482546271759
8.31087271307829 4.16357235273691
1.15372110584065 2.67407349539449
2.36546258433567 2.06031723381228
4.14187777273815 3.24239376177658
2.01202157239854 2.6795745623271
3.65452084669016 3.47102695766616
2.3518965903442 2.90349698503658
4.80639415820703 2.2731063871294
4.36486903348414 2.46150222345396
3.30314025040995 4.92751411483073
3.57807576843409 4.30975774127221
2.04107819939177 4.85510675703994
2.86818276370956 2.4436711847892
1.33921351366192 2.48169478469092
4.04012289922564 2.52277093672049
2.09032943412645 5.935849851491
2.84450778774342 2.47987092363317
3.52261142052703 2.24760805214326
4.76707781816365 2.43853667416108
-0.934569748296055 2.36356013388792
3.92125728574032 2.12119456172355
2.33498995133694 3.48976943284479
4.66379910975128 1.6066782713951
6.57244834838252 2.91375724399003
5.09159330297412 2.72608121393683
3.82406167368105 2.09664016934741
1.53737029139327 1.15096644784963
4.25002751508422 2.33948773221722
1.90484929397836 2.32689484245583
1.71850816711935 2.86414538868531
1.24244558954513 2.75067133765213
2.66893671485056 4.51595488940201
2.98436175165906 4.52047005090537
1.93634456744562 3.03084487398551
2.65998207215985 2.33245587906569
2.44142809980696 2.33082041151127
4.47801638410762 3.68323077707777
0.649982049705304 3.2568157682151
1.88007848684778 2.58043364745228
-2.76885084735399 2.5470275922824
1.24676256194215 2.65315913855693
2.60148352849594 3.09933261966472
1.63604135882567 3.26606178652187
6.74215615729431 3.95358039795897
2.18468688519799 2.89865404637877
3.16853392937314 2.97664855768026
3.43740901028828 4.93556830210671
0.994064144411546 2.39389482788914
2.79629896385298 3.74846410383823
4.30763333864753 2.71352805007723
1.85937529670572 2.32986786534835
6.29629460123555 5.6042772954885
3.26532097443918 3.6626656563565
3.46034631290932 3.19255208437353
4.92417672557977 2.43516147556002
3.45669523569559 3.36812445101348
4.22317545005816 4.74190593386186
3.48546429864538 3.10450155618915
0.0629867509977493 4.19522598829613
-0.747589715335039 3.73321766322853
3.76066874392779 3.71014812270055
3.79784947707689 1.83111646951826
1.93155552080847 3.99607820455147
1.6508987984787 4.26723826005501
0.788306522691533 2.35250838932958
2.08626894848091 4.62965077786896
5.88052208903645 1.89121400783382
4.91608363705747 2.8325723791748
0.514323512293139 3.54019048214879
4.80976472390496 5.27906214276713
4.90255350169453 1.93186632950603
4.76023718746629 3.66350755046076
3.12230892435533 5.01257371537659
3.78175730993348 3.16257275762913
6.36586636516889 1.65971497903137
3.37086409621528 4.08259567672958
3.21171185859457 1.43927560785397
1.49030174988023 2.99992804885047
2.31284645592375 2.96398680783791
4.05618140257064 2.41752900302873
4.29862566070269 2.57751059910453
0.305240866551451 0.982982292910607
6.73743889001508 4.32523076775498
3.31704894982854 3.17381846147917
6.38291874983303 4.61050895572179
2.73523856657421 2.54516657610546
2.99367048119656 3.33900345752594
3.72825167196483 0.386561357370175
4.49760360904258 -0.0341881396379544
6.85207220578289 1.8123620720169
5.65242035217363 2.19895337251919
-2.37388792121386 2.7741691439492
4.16171998238203 2.53199599596871
2.65577427764428 1.23356081293774
1.44033609571423 3.93457152774954
1.09110061655786 3.40086926123634
2.50271677176059 0.15700577315167
3.9035198849779 3.19422908204421
2.40504965204244 2.72409525923512
4.03932555160573 1.53608975887231
2.92150250715641 3.01084702505218
3.29119074116468 1.75356561787362
0.0159627840528649 5.03824739406851
4.51968348733603 3.38146753425419
4.06860601853253 3.65342710923023
5.9049237096493 3.61897775510026
4.20256767850738 2.74615616662747
2.29308645903302 2.09538857429575
3.36459295955116 1.97646032589466
0.0534999623371286 3.74778208261717
5.55795607798952 1.70936274701907
0.439368028118424 2.69909485617883
3.07589573278241 2.98367325723005
4.78602940323704 4.07805162047307
2.32411125244633 1.87766869626988
3.7233888754999 3.55148929005055
1.36887941065386 3.46874845286365
1.40817208283011 2.50918130455271
1.7098650567724 2.56813027494673
2.37544941133517 1.98060312809351
0.460378633158641 3.88577936262565
1.23471978762522 2.54491963144561
3.91951770452283 3.27008571973301
3.4554625161137 3.60326006794448
3.71230233995293 4.11482216616018
-2.21586882884881 2.07259106965269
1.98376053781298 4.2166278298941
2.90649270697712 5.6441227301947
4.42143069024358 3.73473962502655
1.41947010981695 3.63462038852313
2.37948600693539 3.23208068595399
2.271698668236 4.41189634375896
3.8801366867555 1.73486054288398
5.17890489719102 3.44552257455237
3.24070187974161 3.37570156186022
2.62952747173453 4.4176849448905
6.19899724938467 4.52036614517969
3.02653265940493 2.92812293044484
1.01245038953897 2.4849338547757
5.44878674562277 4.33547280178379
4.20169239348211 4.14897863857585
1.35451999790648 3.30308710343404
6.00230537346992 2.57394328485496
1.34133718074101 4.08068561667583
0.947723903115566 5.31028932495749
2.09842157916638 2.57662139937865
1.14027360411819 2.04108509131226
3.19451106186603 1.97071292312782
3.69070477131877 3.03856210183426
4.84008353820521 4.36938525723516
4.07034928986736 4.39536039251382
2.60347768239511 3.43394331939022
7.38250605035086 2.53335488446407
2.9066929200005 2.1097409445824
0.954633942132689 4.04412991781258
3.91721013808612 1.48815016026717
1.56095059927227 2.18626408259764
2.64234084347997 1.92811096857379
0.841812912552231 2.34527647385655
6.57882092040709 2.72308873426279
0.689911964253153 1.90914136021529
3.39482514487839 2.90929345615311
4.53638585827445 2.35589523118701
2.4248586264961 4.02770769025327
1.85160405051213 2.84764134177697
6.71522299331067 3.54711439649794
3.90919477474622 1.47691404544674
3.75452070370379 2.96653541856621
2.0838188338735 4.95796047330362
-1.54895681045592 2.56275699849545
2.91135787154394 2.09541434217909
0.782507672650422 3.2905265871683
5.00213553612369 4.60652588945209
3.66582325179363 4.37862102600426
0.440587306548742 3.74611852794292
4.20458126299886 1.51561607252023
3.12732493457537 3.65377607973955
3.57715850465992 4.15363645116368
2.16747069571539 2.45050884370969
1.79626773333149 3.62600536764137
0.107264793544724 1.86978048592521
2.84725123387356 2.97481221363846
0.633554985678098 3.75344796558589
1.73997770083261 3.65261355757616
3.73327657341555 1.66981310892934
2.23507003464998 2.89889002983312
3.5300837572685 3.75060592991807
2.43049017806662 2.23775641837761
2.05792240412911 1.78380220161898
3.11466042407508 3.34330077874601
1.86772138923867 3.96507539412916
4.94779517041488 3.20896318510113
5.89440714058258 2.45629587853317
4.5835912817771 3.92216189705487
2.06356242706146 3.65332274872666
0.891480782936862 2.83241332796268
3.58176654491431 2.57142693477505
1.93643213644088 2.88957373411479
8.61068973301605 2.47621019421035
2.19195085367168 2.29972070661499
3.80253302667716 5.21812873597519
5.5662381575959 3.64201494893642
-2.27079939660753 4.1105875362323
6.52765994740649 3.24306660852492
0.943581000066326 2.20942917264441
5.02526767555407 2.16264530373682
2.90441365254714 3.4458761347467
4.3426210188032 3.23576997767497
3.44129791988966 3.05036394165246
2.7973900185645 3.65250905185157
1.94129820363129 3.56456762178222
2.49305113232009 3.71720482559178
2.10861118466669 4.33492661659562
3.96223881336431 2.12863154504532
3.13970199372398 3.08405244025768
3.37201589782463 2.36336988138382
1.51740954576802 2.56437250856307
8.07550327855676 2.66267377561708
3.08429319995548 4.19120120928961
5.24295867739257 1.58184120715527
3.43615471109838 2.49675931210121
1.6174287959247 3.10793662675466
1.11473960017911 0.59596438612431
3.94761990074647 2.81036294050241
2.57555882322774 3.59175538632821
3.88759503828965 1.86644113492104
6.09718446657589 3.40235519187179
-1.57922645127702 1.976791412394
-0.45112714105439 0.890826283794289
1.81565884232531 4.12853276710648
4.28904387960273 2.58552037082044
-1.68741051898833 3.86287541985667
1.85112392130098 3.15795630988073
3.15187386996153 4.26206601132548
5.91783633851083 3.06907481658395
2.83168432930637 3.65033329581331
1.32794880055168 1.36764400246959
2.37356765528755 4.08299128851176
3.12476828295781 1.91981787482972
4.81406125848671 3.12795784499533
2.69998581135191 4.3076150586689
5.04603218674917 3.35762739514103
0.436753928931728 2.19035669936641
-1.07134317386019 4.0406261951099
5.26486554274678 2.00018393336924
4.03863423837535 2.8056027047732
6.89207400914546 2.9143215472141
1.42627296956183 4.83093449614403
0.841811600300284 0.739070057128628
4.61950295251786 4.5499965030732
-0.471980741447757 2.6248768341904
1.78662364897805 2.23179144421568
1.49632741193199 2.94532051404446
4.719377302228 5.29911683862909
0.346482768471188 4.35589370564868
1.79022268657695 1.5355927571055
1.3461764224168 2.48123683001914
1.86108172695598 3.99994260835446
3.60821823654567 2.80789888673996
1.7290628552497 1.6514797684688
-0.0443235823479875 1.79516194297476
3.34419089042161 2.44926435644177
-0.62836720599461 2.43843721114154
3.3172766972828 1.68006727497178
3.52695677350792 3.67214194593586
3.97212817255447 2.64234170320246
-0.146581746867427 2.7037210312169
2.02177517409335 2.96712545889572
1.14643177583676 1.12059441672899
6.88207434765692 2.7637359126719
0.954391177245305 3.24991755494313
4.33515847466211 3.83329481723458
5.28187607681745 5.0743677552916
3.14394827528916 3.70342108158294
6.53285245079195 4.67073768160351
2.13956559255968 2.68662741677833
0.528103414501506 1.99949790271583
3.57511441975614 4.20995327039866
3.54740667707131 3.90859716104851
-1.74638597575649 3.08709700794208
5.5865785686707 3.0996317799136
1.18652381520104 2.96637230912087
1.06911490251652 4.41985876326608
5.86860107148994 2.24736435245935
0.568419705514702 2.4058402759529
6.02246547365645 2.04517542686582
2.79028282316509 1.82543955733978
5.66889386984841 4.25227832144713
4.41859536092557 4.684831064701
3.67694290468435 2.684939001041
6.19452930452729 3.00793868414431
4.31881620858024 2.89456596923944
1.52316554947958 4.84372029791613
3.49681642763629 3.20019290487798
2.08554044460792 4.03339472055227
3.71660675660756 2.08806839399181
5.01926972974433 3.00468857833953
8.22692849476992 1.88491726423478
5.72005549476112 3.1422757802266
4.17844481754994 0.755409232515781
1.66021075237458 3.38615218287274
-2.38515713353407 1.43784057921185
5.75617025587569 3.53747897640342
8.46079407528108 2.91294196094663
4.71013177626184 4.18191699088757
3.3055074308131 2.48957749916206
4.5069009852656 2.28183638458097
4.0051138393809 2.33436263621064
3.64146396264941 2.5002083486225
0.271738452392201 3.73570658379819
4.03819728141378 2.55101225108252
1.90375485580356 1.85851949385761
3.99730735162396 3.6778844526448
7.92365670852302 2.44123830410215
3.04509391479125 2.30520607538778
2.95668712340881 3.99953007863876
2.07163016229379 2.70735420283718
0.393507319485122 2.79763223962496
4.02570254168298 3.40989904132288
-0.0774272035892465 3.68035647291343
0.751748810299559 3.60512347574472
5.55636600376353 4.08106587345516
5.4809951975384 5.29783173758464
0.387683763362542 2.20807541591711
2.78221004803662 3.56895110401373
1.47700321542912 3.03277476349855
1.11018540875692 2.98884501948636
4.72374385855878 1.867576111583
4.20060680280784 0.964891174748626
4.70605188168266 4.0560583941166
1.38726356754694 2.66829172024462
2.28553416701973 1.62647320984096
6.1517876443911 1.72160186929929
2.03232070205791 3.03621498907917
3.47356746613263 4.97221848301865
5.52648042113281 2.68942725300616
3.76765999408158 4.42320570561536
3.79917687919682 3.37470505746787
2.86507433207571 2.59829242736414
2.93990841661753 2.33571885431122
3.48934968478177 0.890543263154412
6.27070548188938 2.90372823732816
4.54825577244402 2.97814695496702
2.99977608759764 4.38986801647376
-1.36058731802231 2.00764253133694
0.809214196312568 3.60779174988398
3.28417287939478 2.53698415524543
4.06639630655503 2.44294846784516
-1.51374099822094 4.01539914842616
6.72954545073383 3.06331779130574
-1.08854504117409 4.50668380322816
3.83286244026688 3.73444954470041
4.38618474257684 0.509936544920031
2.00409426477607 3.25832935840555
1.53727583141251 2.23420495369134
6.72279726532908 4.56722523429206
4.30747511115948 2.64513683359432
4.3668738660431 3.67341041859801
3.43325883217792 3.08699320230467
3.1291335496603 1.98596800852238
3.10198823716201 3.97770458738774
2.6944403708169 3.73787397206841
3.91822647437417 4.16650488406071
5.31338441165483 3.15825268530664
2.79915340319821 3.38741203534944
2.57037331688016 1.6079000288507
5.9134905309542 4.10470631889127
-0.794741810377741 3.82105714197382
3.40842844605457 2.51842388396525
4.14022859089796 2.71113502503379
4.41726219537857 1.55906734412077
1.74940068119555 1.95023144307788
2.42806677024706 3.58378813298255
1.77587568663132 2.03605668968762
-1.5501874410481 4.3311973505847
1.65793236780427 3.14646294126603
5.54059060598611 5.13347466295207
6.13658888327535 2.32047893785648
1.94966307165107 3.23766939179492
5.37831979393041 3.85543951117504
1.75775117592753 4.19117935168867
6.11742678340851 6.19989185298492
3.66814665175895 3.36819887172094
3.56482126415969 0.068469332712918
-1.10196902978831 3.25979333810598
5.11479669505448 2.47096339873373
1.51826525429948 3.48478557925256
4.60255625746722 3.38958085507865
0.700989237480168 3.11872358411219
3.1185035030151 3.99001992426234
-0.22252790242101 0.793728902649391
2.35479443426465 2.52522861630775
3.33846699051492 1.80307141359895
3.19518850971373 2.71322806417274
2.64134635414999 2.59865964397163
2.30077787564814 3.15494874724429
7.25354039307797 2.95956640088309
1.43753614933571 2.74136218080862
3.56660536757355 1.59665420279919
6.1025138073196 3.09994268683332
4.06266781660098 2.72285711703248
3.52226002947659 1.40082648601267
6.51903299441795 5.22988073646126
3.68255786928732 3.66994010877125
2.33909286919873 3.31677060863892
5.44845873135374 2.15783610279051
2.75405612068132 1.90780773493994
4.31247905848558 2.77170129906367
3.21590051468045 2.09174372462547
2.26213908675727 3.5020421890241
-0.140681765128934 3.01338016745761
3.19347039951806 2.60514089744811
2.79205577707235 3.12854691494498
3.60709231514559 1.95084918008718
2.95870188455899 5.86917722609943
2.0286200053629 1.95520860944573
1.86161165436988 2.37229288441016
1.40161075437894 1.73972033572212
4.2335553135207 3.11457249675419
2.30204876197038 2.6100393328905
1.1970119165619 3.80878260702314
8.81341295825717 2.16645152270913
3.68720453325019 3.16751393673307
2.59369301591956 4.19991973299951
5.89784524361662 2.05442556679686
0.0906945978831812 3.74202040358479
3.27047106503607 3.10452738971964
0.559732176313395 2.16337640770072
4.38556091623453 3.10881668949509
0.731475316473741 2.13145596747071
4.97841836290355 1.80973334185257
2.3242309026437 1.071787333914
1.44103314742066 1.76106834472973
4.81771755634771 3.38007728588775
4.89726468995187 3.42546819654524
7.58508593923049 2.37817618671916
3.54491505591598 1.10121974224235
3.0550879096033 2.93164271281582
0.522201153786584 3.05612956422245
-2.70278554121328 1.99194451996715
-0.906010763978299 2.92628429664944
1.75612047846797 1.60468467962805
4.06608799959675 3.14019749310999
3.85892601935743 2.6674470702578
1.08805501222577 4.27002714450141
2.46237859170637 5.69608927207248
1.15544263064731 2.19461372052408
6.29995436875484 1.31751521971131
1.34727312171332 1.9460164725564
5.55234374252644 3.56222657060294
-1.98567060205688 3.32607647990175
2.58159279528479 2.49396711058655
2.98193758152878 2.20912784466436
6.83534928175241 2.48243182111907
-4.43077836100767 2.08553960964987
5.02902139910777 3.34484725561137
2.73312945967478 2.96833831606394
3.25000644251627 3.07166091412227
3.20948389492783 3.92917759624977
3.00589091536734 1.93437464062588
0.520632328757035 4.47521471772274
0.416033056193314 4.3369582133131
2.98694845650889 1.59785765153952
1.09673594789036 3.85741972236799
4.7008409215969 4.56319217479732
0.881421888153353 3.69814096331834
1.11886172286968 2.90073664506945
0.623802123719696 5.4629499149555
1.64813009364196 2.9219081455936
1.75367832091265 3.90487048448108
3.23945021617395 2.78452727604532
5.95723305404175 2.81455199035726
0.892199030194065 3.92205081835092
2.99204584102662 2.47532435279676
4.99167173548244 4.47841569232572
4.81412914237714 3.98905607089623
4.6062300895605 2.55290678341637
-1.11292904635379 3.14464746572627
3.55865855315051 3.68821065600947
1.2479757321705 2.29579113164579
5.60655310064027 4.14739045889977
0.45928020321509 3.21639837955091
-0.36266870738186 1.86238337203824
3.0277541276856 4.09966534766739
2.23720235776648 3.49253847718529
-0.121790913357069 2.83435398684362
5.18440489790371 2.13214790639698
2.67565955791897 1.56737798259099
1.56372232007862 3.0107205351381
2.01886838064122 2.26611604025851
4.76828008313893 1.38557966011861
3.49609780845526 3.18835527544882
2.59108625378913 3.11387946147836
2.06313981412486 1.09261827390653
5.08569764314029 1.6017849207965
7.05597175497959 4.39070510732926
2.84954972589291 4.29288069771823
1.48478570723319 2.68518065567834
5.40157208464891 3.49421673440833
5.62021708682392 1.56912778662757
2.22352340826233 2.89663090652693
5.87266613481216 4.29351072549681
5.73525529165898 3.37954366112754
4.56707520169597 3.16905031826958
4.98200750552159 2.1043987967012
0.115189313886962 1.79463395226457
3.13630919167266 3.07399814619591
2.47337538548079 2.18183245015182
5.40164764960857 3.62957654330012
3.08181299081173 1.83745201500721
5.13325250888774 3.45730658822477
4.87661435124609 2.83076535922264
3.94578776205993 4.69356718026009
4.09145736833844 1.34319338854221
1.81308556675244 2.61028626734648
4.47748289420102 3.70234346720745
0.864954833836688 4.3055780488904
4.54430008333586 2.36515371763878
1.54461114753743 2.95906109695054
4.0098848948741 2.24655961445292
6.18450028133845 3.67922844488008
4.14736806381456 1.56734325745183
1.11303422183052 2.25358853593259
2.52938584062541 2.7162881385237
1.12488513471357 3.73519206604487
6.04652370638687 2.48095937193862
3.39780412011432 2.75711802064217
1.37249921712133 3.32538735497544
7.12311725353171 3.20891619879115
4.5092151050158 2.37640694622312
5.39437390228304 2.80315594149047
2.72200464590351 2.24304455193292
0.421733693958511 3.18792650325863
3.28079130794451 2.82741210227657
2.67284178507594 0.960522723244694
4.7369934395466 2.67124095231285
2.31522939314303 2.2257651340204
7.35619934773697 4.98509562594358
1.82218818732991 3.7088019758132
6.19294466950038 2.23836087401911
3.37838046776527 4.45532085646205
4.10359885805992 3.65535147658292
5.50635156413326 2.67250369679965
5.27292818623881 4.38082417967035
0.71264497208891 3.09812715990977
7.79084569818023 4.38275733532582
3.72154035991902 4.24159867250253
8.27462212443979 3.08371686687154
2.9452581843664 1.63537545856756
5.81230201301889 2.9371470312694
3.60348757469059 2.14108247677912
3.43524563405532 1.67885618974682
8.45799268943175 3.12280803276806
6.41980285727623 1.69488995785017
6.04696324754923 3.16206513117714
2.25119880189368 2.00246069388948
3.62634223295774 1.79262978143485
5.92660395428233 2.2894543637603
6.46546947655209 3.89724577865095
2.24312315925719 0.819397470457118
4.54276805303869 4.124400625879
3.55021515398852 2.16210412083644
3.46363999824212 3.6362502117155
4.90728116184122 3.85376977581119
5.64016376573614 4.33436101637106
1.33324444859782 3.92684252821269
-0.28333564642978 2.89915803290379
3.49224872968418 1.89193239529366
1.05011766157079 2.87031497348199
3.64344061237661 2.5093417999846
3.49113496917648 3.18042120728356
3.63075437882306 1.76508746943204
1.69432054732579 3.0473310105532
2.62906193024944 3.89695021881263
5.09024960644485 2.56162304412235
4.25696396559114 3.97832949380482
2.35936328997612 3.55039976288251
2.20074566624537 2.06408755674275
0.374977775892698 0.36234308152099
5.33146619446812 3.5101082680031
4.81990809289941 4.02378393273569
4.15870983940823 3.45135274947755
5.94427504956573 2.94332543629052
1.80721266006794 2.70372056148379
4.73544550876632 2.72373350488484
5.35598715418657 2.50554120368958
3.69600484494098 3.70294872146357
0.829815190956435 4.42451606344154
3.73917019759624 2.67085981364121
3.47152435727938 1.99181542089996
3.36927251019555 3.97850342947462
1.72895890206013 3.62527597316397
4.19288241892366 2.01111152967396
3.26672719757385 2.29280483341646
3.37242030999109 2.01682627959541
4.73872374071889 1.28005599602618
1.97056291018345 1.52765188667608
0.668985105145281 1.3977631386934
3.01853573986936 2.32676321372182
-0.705199678615986 2.63989043931944
2.90241985173553 3.3068735165759
0.776304065924511 2.34904467544593
1.10022745199892 1.95261379524405
0.0630126096633847 4.107652806611
2.93990528695902 3.86066489415703
4.45714900666128 3.39945264923156
2.78854719827172 3.30532837815718
4.35610873115325 3.66610482508307
2.60117503287038 2.46675354525035
1.13144923436244 4.66547304866417
2.73471180074729 2.9730900784253
0.832140951666941 3.45230972165293
3.16279197464462 3.82661623099864
2.99083406939764 3.60884931785542
2.54541349546125 2.93256327854237
5.06021717831092 0.131856694706634
1.08366946597977 2.91300881910583
0.426664786846275 3.15623574574484
1.03986927223862 2.21448497570635
2.77499387861465 3.03230648049831
6.09697742265539 2.7156502475962
3.14809621094471 5.20682917576582
0.666626870544817 3.41592907857377
3.61883639172127 2.97711286433361
-3.19105133829299 3.30326552380633
-3.2958297212678 2.2113180644318
2.46464419609374 2.57938202362935
4.45468565283529 2.98525505955953
4.15346585239414 2.46021203820417
3.66910441696246 2.85830557172822
5.00279616390883 2.58253475494997
6.40178131840693 3.98010088068563
2.33070606713592 2.80409691559691
3.5485244645814 2.45038680061864
7.31299604106223 2.68726137912088
0.814572589583768 1.74246495119694
2.90588772699208 1.21667705126716
-0.440179033870066 3.0694720409798
3.46497810396095 3.61745196165353
5.87980807976165 3.98871609383144
3.59962263310396 1.9531284201581
6.55997581473736 2.53351758754089
2.86932304228398 3.9664235358824
4.62774839675621 2.76109336868557
1.59562491344923 3.65817753301492
4.58633516778021 3.18100054373871
0.687806914614031 1.89054483681099
1.13652540753325 0.822701331506603
-1.37765745732449 2.27425949865396
2.62147339290348 1.87652663587031
3.06156056382995 2.37992159331704
6.31964150676496 2.57028622903519
-0.0965876960377261 3.21010297548306
2.77995177207988 3.05599187225431
3.55643048224124 1.77364321866232
6.61322314825772 1.95717734811112
0.0581546041731835 2.65062349559596
2.03666610511723 2.81362199848895
0.837199832814775 2.51065035117006
1.21751050416964 2.7271280372199
7.08586500311822 2.41390854829416
4.11600273577957 3.64422059693279
2.46663000625578 2.39564154918204
3.03859491565135 2.8906140613271
0.190715119984465 3.12482652994367
2.02205735684622 2.0074640310491
5.89998106523749 3.61590303350315
2.63765771482646 3.09428252554641
3.24377691893005 3.77765822855322
4.79021970042987 4.39989788136138
6.78747221009294 2.26522103099468
4.43415834407442 2.82359546270626
0.21345575012674 4.53879604608828
2.17570520441436 2.97523006934554
3.41771998836864 4.36589366984521
5.82434285291235 3.5083474961961
2.50695242684748 2.68100011007692
4.35129902741603 2.01308506727166
0.27879247507337 1.87526814273705
4.59328473690368 1.79596008814173
2.97530217586453 2.85792943508645
0.77665557091526 2.71622782318167
4.23630959589186 1.38774461344532
3.53755310304952 3.90885597671042
4.53453848780483 2.57170844241398
0.765622042898066 2.4049161797482
6.47200256225 2.63920702324181
3.66495504438419 2.24522672489467
1.93495265869164 4.69243589153286
-0.212425682968077 3.73095195220343
3.04298447604002 1.06879737862196
5.08509992230889 3.11539898982662
2.87459035512966 3.44619876830681
5.17144405016071 3.41049112013836
2.14037914730838 3.38057181824369
0.589113433056223 1.19455484236396
4.89532496621461 3.46185737045
1.10398948263564 3.4502375259864
3.4276636515727 2.34586228964746
1.38085569039078 4.51409685473069
-0.587968806034304 3.88327335268579
3.09539641835942 2.99532697328661
-0.336835178278005 3.14511102990387
2.60750442047509 3.44273445049574
4.07509745537716 2.38276281820936
1.18185156318662 3.81702309639378
3.12727676788275 2.81653997981161
1.45944999630734 1.8451933043082
2.27937530172209 2.79054735998909
4.89062980527294 3.55081677528583
-0.0754678563277773 3.8726407550097
0.442831421118642 2.72006288859468
2.6130516498835 3.17731117026502
2.82801429462439 3.16512835904481
0.330645335642582 3.00762932908902
1.70782104334373 1.95971133614525
1.6213479256522 3.02552632855617
3.22027482030559 1.14708228196908
1.72319467400525 2.35306907846726
1.6491302444346 2.57976713186391
3.26457601312294 3.35124022881641
6.22491366438468 2.35276103180439
3.37072475991084 1.71667492858923
3.62752013151001 1.91419423012046
1.00817101373403 2.20043587971572
2.13766955880847 1.58661711182553
2.39259245540676 5.0262856710536
1.86217922624631 3.95772820971206
2.48832973001655 1.84504063322767
5.11862654839965 3.57687409060151
2.56278807216061 2.25426269147407
4.53002887445992 3.19334439127877
3.55655210325722 2.81205292196463
6.96898769189424 4.176002504434
1.60641715020662 2.86336179062422
4.96730105664256 2.0032287133142
3.24507029659858 3.03963394026136
3.7970092060695 4.03912574157909
1.08648864375663 1.83428955118979
1.11271548562177 3.29309083570976
4.00055334214603 2.61913629259918
3.36459271253414 3.50151173256219
1.64509991145894 1.7136446540917
1.30781207262249 2.65893852270536
1.7539315540018 2.51054267771649
5.84799613550617 3.28453722281733
4.19727202048962 3.16283338738745
1.7891644766495 2.39651516041943
3.29205590356677 3.21638873481202
2.38275469432575 3.09419530500716
2.23432532160277 2.43552583040808
4.20615356559266 2.46955134291905
4.71084733138697 4.28255743941887
3.27490272816747 2.37188239914569
0.553281454723436 1.82485878949861
-1.1772843554909 0.914417685903765
1.22794879123794 2.96827514721764
5.55479261719606 3.84723113488614
0.990798753186325 2.08876586653018
4.5965500612901 3.57275978608801
1.85864401106391 3.03798718017667
1.97607725432998 2.30419129708249
4.34154440004566 3.28761303703176
5.17213133074963 2.40733955776405
7.45720364387257 3.25986643997456
1.16276207600786 2.80824858526844
2.6292978982441 4.03722579792653
0.0187412674708027 3.71346276811295
-0.381627500816073 2.20910991117786
2.11081270234032 2.25435628168334
2.71725894261269 3.57006290996534
0.443880885487012 1.30927527467599
5.66927027386189 3.41334685901533
2.38295023879175 2.88575748514374
5.43455192885488 3.35515908001902
4.37983609789648 3.94397325377551
6.26599528881929 3.62725026996307
2.01985824910548 3.64037440670683
2.35150530974384 2.85510678132472
2.73119702375959 2.55913081006248
1.74828313659485 3.8212449964742
1.76951514508681 3.87964052541659
1.60361747359284 3.18914262663244
7.2578360704519 3.67445336220593
2.29873383607766 1.59107617082606
2.67577589033429 3.39011062371244
4.81152666112107 3.65266136478855
6.01697817709953 2.86511597060354
4.82146925189831 3.38180123600886
6.2159764682849 1.89639506702486
5.30829983462397 0.588592021503406
2.67067919916316 2.69627053500214
1.03585469215757 3.78292414911411
6.5177098442368 3.8543217416438
3.01741271249163 3.60138909546774
2.48032755439983 3.7329069280666
3.8633699896271 3.52548579109419
1.56586870099294 1.81045662005503
1.27405010632738 3.74897244666572
3.35920339434606 3.44170051182885
2.5702793082709 3.59986893924917
0.583080045869722 2.62311221656762
5.06436094160313 2.11081311635947
1.02678854758354 1.97346684430828
4.92990356531449 1.89690079208261
2.8878652824042 3.55312749690153
3.25429247580417 4.65182416844304
-0.326417925245003 3.7924663524781
3.91205798645665 1.99091590272012
-0.211785255786937 3.76256992791325
4.09777140228454 1.81216592184498
5.35237249855452 2.91064255712075
3.60147115923911 2.20252490596699
4.85904390896221 2.42318392179562
0.908466905376695 3.86965631571872
5.28918872691308 4.57851923450921
1.0205666451788 2.93052382496344
5.1527457079986 4.12289261892383
2.07736491483551 2.55813892649217
-0.598785015437667 3.56586611410309
3.9537595296504 3.01741120692221
0.706586897504638 2.75042885292269
2.17763972625704 4.39301868598127
1.66253670752488 3.49547173578877
4.0303015425471 3.67157656000076
4.80686361648607 3.2720931503767
6.45246061478513 2.91386109103216
1.98965061397416 2.32226698006913
1.43754228765475 3.9784320919087
2.32013039547489 2.70070137058121
4.65519917391336 3.48833150462306
0.728386722136733 3.56029270139857
5.11237879194698 4.50191190138586
4.19968332180328 3.83274641542214
2.21444106504938 4.00851384429756
3.58919759468705 3.23829453134077
1.00840800790439 1.56400018159309
3.74814597866659 2.97574964751365
5.19735359023571 3.4361357412909
-1.13732794938599 3.48013048898535
3.29845963074482 3.34206278586048
1.27815621717652 4.90406908074063
3.98104135719051 4.96600430063395
3.9822856346596 1.95999097178466
5.19292445550619 2.27817153833523
0.906147094609147 3.1936622587314
4.81136110226019 3.78639735671851
0.733296182504183 2.67006494296908
7.3375851238812 2.08614677611535
4.83573297790631 4.65012299692242
4.78523295589112 2.23489409484899
6.06292357802577 2.39693227390202
4.9868368948139 3.21647547026406
2.40524350470909 2.42231128634418
3.45169344075564 3.35895022238935
4.51415059020416 2.21235907062888
-2.84456557380362 1.93556949162563
5.19339731325265 3.93430400935196
2.85507969937937 2.95738914059842
3.86103473460508 3.18077863244233
-1.06344046963331 2.43417324431702
2.62591573914216 4.07020233069979
2.72391727876656 2.57443436197146
4.51890978942746 2.04221066192527
-0.998294187936916 3.40154443254683
1.78907009823744 2.4077606223171
3.03596379929892 2.59881221197478
1.36365673027665 2.90876514782056
-0.622441663915129 0.857066948031525
2.59101324497524 5.28588913072821
3.77567101337376 3.45161359582527
-0.270632760644264 4.5540969024645
-1.33379843648869 1.38862471309778
3.21091601259225 1.03655570777885
5.87338471581653 3.55421948166028
5.18983626872713 3.44830472979581
2.09762144913363 4.4416595737331
2.20145912970981 2.12635984586969
0.0882280320460427 4.62114666981628
3.50322658290735 3.74477882270848
5.29821061661724 2.72392797273526
0.536275539263127 2.03425661953688
4.84203399337428 3.92291113736469
3.3725967310294 3.01613623357298
2.61620722404002 2.20900778244964
2.43754544596809 1.58570635311688
2.27758613751818 4.52092106397546
3.18265309943979 2.63241787275434
4.84978848066086 4.78989916166683
1.75745984727843 2.40338227978786
2.71901208443346 2.60854613049746
4.18748652859217 2.12938434174718
2.45185255311638 2.3704140222214
1.24094410722462 3.4907268868041
4.72691856220975 3.22960988754231
4.05741564645056 3.78176073244195
1.6601227256879 1.92848146600452
0.700780609941821 3.31517543207122
1.8755692603793 3.11595866303518
2.43362514610052 3.69471682637814
1.85206373974313 4.14269783889404
1.76599089492938 1.53322725578766
0.927652764801715 1.3090745079994
2.25489119344932 3.00525049794037
1.52771414880302 3.67158814441134
0.585407727707663 2.70452784376345
3.05368243120633 2.7599469344724
1.42781956602157 3.61001452259537
2.4722213407101 2.93573013105114
4.78338196634243 2.95874647295176
4.78210590044873 2.8493435557403
4.65958880358312 2.83717214945644
1.21796050215865 1.92645940479776
3.97517467573549 2.87327638194714
-0.120620190690453 3.51438066741443
6.21668200763238 3.22144729285285
0.901192516495101 3.42557147549648
1.49327515045981 2.74400161232078
3.28313806967584 4.40950186688063
5.43597882295215 3.50248841360466
3.03543180919255 2.55780172661734
6.73370743899304 2.64723469583758
1.48612312969887 4.70910098811948
3.47490935763716 4.06861112886774
3.25145773338882 3.14610773257183
2.8856366951525 2.97021302731783
7.82814281013596 3.69563825054547
2.49648044362293 1.19682110564967
1.06856430353947 4.11342391763491
0.358276937528442 3.39180243980598
6.31884016488448 0.913004475547484
0.89821207556893 1.67511776475402
0.746816195952813 3.3905735962744
5.00449877141938 4.03164149037887
7.58295189415684 4.05438963785978
5.49146779423883 3.10177241521181
0.110602252191062 4.00767994568226
4.93972612754698 3.15209022173208
0.716297476638483 4.92121625014332
3.15898313766648 3.88091817891366
0.647190679353925 5.20163961459342
0.639943307687432 1.16572843631011
1.41463783707667 4.83533916899314
5.01189848636081 3.21378820054294
2.81754809939801 2.75958942651701
2.64131314016228 0.432465698605119
1.77491695975881 5.35491763341235
-0.628710023905629 4.11935919589378
2.13906173530358 2.25943033673255
1.24616720396728 3.50309575644712
5.43293601797649 3.09070712121998
3.80044661438669 3.14543680547489
1.85779107715409 3.87776729970708
3.56188074381189 1.5406606339996
1.80421214412111 3.89446536508227
0.166428046284145 2.66754555459375
1.73149644720106 1.7446667424215
0.633064522121056 2.23663663622316
3.74964828926501 1.89274779661324
1.57672959847541 3.54966036239719
3.05564635108495 2.22579792473145
3.19850005351465 1.36826365510457
3.4180011398989 2.71931387713615
6.99950073335117 2.80799185056652
6.16030707104913 5.34911879358873
-0.524463974671749 2.94037665666421
3.2035159219614 2.39079898831131
2.55493223346404 3.32949310327071
1.08041819486887 1.2821805400181
4.21383209165259 1.34832623439085
5.67210055256007 1.6362677422146
1.87141520541092 3.41854413589169
5.80487934644029 1.14310691740456
3.16014746181046 3.67097990385687
4.38397699867072 2.72439734004125
-0.171653511716351 1.69538962048709
2.7327086586747 3.42004718527972
2.68071046159641 3.38425044414303
2.41509357547173 0.86146817620771
0.896533410513804 1.9004525997635
2.25135120536918 2.69530709700935
8.36238233179689 2.26590712806098
1.83558010042199 2.283539217553
4.08614540126613 2.70465902502214
1.23046725447957 2.7985345350609
3.8318108410643 4.03433389455156
0.418326529445471 2.61288081658673
1.39919176712962 4.61540783189616
4.43497648302852 3.31869369178895
3.89577843955723 1.98582437086908
2.68793354652843 3.00889662000859
3.06764355453876 3.35086498004139
5.14856237674476 2.77678491941628
0.871322755072504 2.96220112801239
6.19987916816355 2.54960133253794
1.56484138049887 3.83908629101167
3.20905581217974 3.5599646045074
5.86607700283445 3.01680143972021
0.32628749738467 2.69111007448949
3.06433251711143 1.90031260616399
3.06751818054831 3.19013647363972
3.0182354783362 3.22268323234811
-1.16226198190015 3.33076641878985
3.07408065748693 2.52767411126616
2.33912384868753 4.45475513932717
3.238587383025 3.87213662743743
3.46197906203342 4.15894838554185
2.51007760566659 2.16580085657117
6.28429991565209 3.2581586348888
-0.877131928998398 2.13198306186457
2.8567588640882 3.33073267179512
3.77700122544077 4.31816255261169
5.42489969215124 3.58077311097427
4.32033288008851 4.67902651909114
1.63622404212603 4.06652074981321
3.90966072922927 2.6705523636184
1.11291700485486 1.67355710729237
3.3869432453243 3.39184965083486
0.512219080417123 2.90489108990733
2.03916391633692 3.64144687328674
3.47190476663704 3.42382642994711
4.35799150552201 2.09707408388631
2.55162547016839 2.91528251855998
1.85772721153162 2.88766116185824
1.30696899162948 2.34642331697907
6.32806344869289 3.015512376365
5.17075689122014 2.80793583284217
5.89588481571142 5.10704185904485
6.13115256510459 2.99207770225791
0.376848608573784 0.46664474249008
2.60338748699826 2.97178850852224
4.1147707186374 3.83660392976808
0.369937796417508 2.56715707424865
4.59123602946363 6.0674293608929
4.57131623819243 2.34278934580336
0.183118925039572 1.79598802068352
2.82718017262626 3.80502874829054
5.0181381408239 2.07653656299863
2.7681227273465 2.34936122578821
4.23363476405534 2.92689037280324
1.93692744879003 2.26040170045662
0.91484214549299 2.6101359323505
3.62503539915564 4.24478675495215
5.43459110119059 3.1887485568031
3.07064385071123 3.33293476260016
1.47671194128564 3.25296132014661
2.09896815812896 3.75503766517051
4.6141382690335 3.06939159938546
-2.2092061265648 1.99058238240053
1.89323314514822 2.03748425361751
0.215601141222727 4.29044440074292
4.58759215354466 2.37235535539533
4.25612324079584 3.49592341866142
2.00673696978603 2.29082981721588
4.4697816405148 2.99725993555483
2.24239046867456 2.59775286620843
3.50193412841772 3.09709021808277
2.84907505974796 2.61446437546346
-0.46162336941567 4.05352580094659
1.38135945535053 2.42065667902961
3.0102008765463 2.31353174335952
1.51315328294991 4.24687457229751
1.89068319626131 1.8072872486015
6.26538162360539 2.22163072673387
1.48143790668675 2.63888380674677
2.58470713355259 3.31490798335206
2.05875445877222 2.31721989325924
4.43552432685354 2.66821445182496
4.46150612926931 3.47788176632489
4.65090624538307 3.54414438084194
1.7868144079405 3.17500220577359
2.84189009120836 2.50149006447116
-1.12367850452243 1.839627356223
3.23523804167468 2.90115400763952
2.42298997931278 2.82212988495685
3.17712492950252 3.41927160011058
1.79963540678016 2.6552887370081
3.56769593018251 3.48829484425783
5.81496333810245 3.3104393558412
6.12263343602392 3.67782765003507
1.65931693080191 3.29781134780917
3.89112844193809 3.93646357973045
-0.726231834276875 3.30945247362609
6.44643393560255 3.64204045938124
6.11524112780053 1.3700224427822
2.39867831998854 3.3384266020183
2.90806859237607 3.42046803947262
1.40625515463183 4.56266807252559
2.73935121363087 3.97576011047336
5.51648703149608 2.7872133929503
2.26117268874943 2.57092034370118
1.35694867220474 2.43711964901024
2.44426544255086 1.86644434950071
3.59052279840672 2.85671473700962
2.67162567848896 2.03437348646002
0.85657551906005 3.4131372471737
1.1840521206069 3.72541303858523
2.47997258736487 2.38034855323494
2.11133920968189 3.36987863587241
1.94031411511575 3.22319338306833
-0.0839971444749796 1.59229465191175
3.14929738410665 3.79790772055611
1.86786864144974 4.1477327852151
3.33163175600049 3.73586417249156
2.40101665356049 4.91014603126131
6.47470773802326 2.00419912896874
1.94625505695736 2.78295186135894
2.81538062983069 2.08543680556223
5.48209592654622 1.80110358028739
0.164776071117348 3.17981300390155
0.224036358387595 3.53429026153682
2.47411606577893 4.50409494673702
2.42223731430483 4.62366365043744
4.10778519243061 2.99765818244123
2.38207128283058 3.58859970167905
3.00323291069629 2.26234639648072
1.31257599759938 2.19585464818038
1.31427097680665 2.18443200556766
2.64416808888121 2.64840502677351
4.09236668790434 1.98659501242089
4.6038468778966 4.59612949842843
6.07710092622776 2.48935293935991
1.25653578078362 4.1882965111514
2.21310959844558 3.37438545396813
2.51313258687676 2.37700995718459
4.07050220429096 3.05100549504591
8.10549465018484 3.63852544014609
2.95179879197883 1.67470593195333
5.24658696586195 1.92869914442476
0.974103665751634 4.13674124728015
5.34630343270847 4.70901606190762
1.94717018432221 3.77485462876013
2.75313902089095 2.18715081128304
2.78393561453037 4.37907598650727
4.53756386030388 2.14864010344795
5.26539336231977 2.87379245603328
4.06540325655805 3.56706617041131
4.98760411924566 1.70424248326126
1.80945138151881 3.40346982389681
3.21057455891329 2.58416167026366
4.53874872516578 1.64946083546603
-0.0126564113701475 3.54220779656922
-0.375597377880303 4.33752680360709
0.608070159902324 3.87525632667236
-1.19133107645042 3.525709376538
3.40142856852373 0.330824908831172
4.4440322879114 3.24531150789185
2.49149374259921 4.47925301381454
-1.55870116914474 1.17277723611608
-0.0417394364066763 0.799919028565016
-0.0495563437252251 1.31642142122639
3.35209847065632 3.70772544929671
2.48435317912554 2.95392158024372
-0.114341718168379 2.4411293936186
3.70743588793758 2.85015713584287
2.7089271654215 3.04669201632828
2.05338279276302 2.69136927820601
6.52254431479472 3.92544008830543
3.13870811758696 2.31067545379698
3.55862811545938 2.00593497154369
1.86340605469922 3.42277428342497
4.21099865460449 2.90839698026692
1.32722443084011 2.37294751769626
5.52056200847982 3.49770126260728
4.46990449677928 4.52162997564555
4.48297011733643 1.50178086824542
1.78865081456517 2.3672038511039
5.03197095371479 3.02990962302868
2.70691669954955 2.59535005287691
6.45398107634622 3.19617139055744
1.57463108979168 1.03574604243988
-0.719628340176511 2.10972544544656
4.40316966768079 3.66452911276144
1.9406079637436 4.19575050698731
-0.500849528753425 4.42472698462433
4.02990440286906 3.54981966390809
4.32274233196244 4.93401831862231
4.71622175641144 1.50344362192556
1.49024695362598 4.4650068039094
7.17921801345022 3.58564738672039
3.0025270213065 2.32469466100747
0.904406018862464 2.21134248319155
3.33972943396137 4.37122039792437
-0.732946119221184 3.14173102928498
-1.78673082377364 2.57851707247996
2.44488614148514 3.16605349295129
-0.0105337943295623 2.13663131974098
-0.316142690316281 2.71050872927649
1.48163627441374 2.79337094188779
5.16627037420675 3.27023513788537
4.7142698606739 1.93886674359531
3.92822905389109 1.3921681799634
4.10843151289922 2.46108995772051
0.23796720598664 2.32415249034614
4.13939935871193 4.27935377407845
0.735776978095027 3.22773924334122
1.67155537364313 3.54198833050879
1.25103366610995 1.75722547620903
2.27235391195455 1.69977045654482
3.20278796098467 3.01744044769273
0.84041241255946 1.70886341556304
1.76970838563321 3.40458718804145
3.18327344886851 3.90003158154184
3.37389803675612 2.49764067237555
2.22913262092771 4.19504644500572
3.65649415372247 3.72269913488917
2.61330937455691 1.75613347527788
5.6426073296755 3.40132501778971
7.65810930913491 2.47939626081218
4.89386660670462 4.91273453461922
-1.17443784856917 2.58616028693432
4.4274336169073 3.12283304739845
0.0770299721509469 2.03671304560518
6.17256763220647 1.64221705435213
6.13326441686921 4.11902371132852
1.86842285146774 2.5427319972191
6.12810793615728 4.41068360566543
1.60887578044498 2.59792096423002
2.5194821224795 1.32761462670868
5.71969380643911 1.68345617054132
6.05816522436121 1.0626886340712
1.81151060282455 1.73024660032469
4.4356088871799 4.76345148326132
2.69559786747645 2.77435363554671
3.94423307667529 1.7564961373709
3.32990677512289 3.86240886377805
4.42936730190918 3.27093929810666
4.51285965545829 4.32698069704555
5.08238334354165 2.39129679245898
1.99280854818011 2.71070699503809
1.58197481565791 3.7627058981768
3.74996918277694 4.34071448958266
4.34281573310624 4.22360010608933
1.21839081620443 2.23643255495637
2.25767635391062 3.03814777152553
1.63271595113856 4.15538968247234
5.43483237080065 4.17939906459211
-0.667364483708727 3.08785116300195
5.7778279559632 2.634728504225
6.39451285712337 2.83365961135132
5.63549643980166 3.51577533281244
0.022668633779066 2.51480115326589
-1.44316714337748 3.64843428933571
3.51348020107548 3.59679459725329
4.03599334223385 3.42263380412504
2.19398937866051 3.89887770490079
3.31369576245814 3.08208643602317
2.0287172560571 0.266592561579703
3.29648797912603 2.98174292477925
0.261108535627602 3.55819763397235
0.356257984093579 2.88998598028514
5.02058318077222 2.9533558161712
4.45044969734019 3.92315743105254
-2.93111163933382 3.76538714022765
3.21507750817178 3.09128599804472
4.09926465784537 2.05640720254809
1.56037350645265 4.58725060758664
6.01206004131072 2.0604945461689
1.45504571262343 2.63550146279371
-0.0390831865263563 3.1454898746328
3.87689499912702 3.16810647936077
5.16730840346319 2.55283409780629
4.2316588276949 1.24538883528805
8.12980504393776 2.08748059474268
4.02476121229586 2.77002083314901
1.95761374522468 4.05628250963595
4.65522256790675 1.86193022084413
1.98802913036961 2.70695654992341
5.77073531838391 3.00042750947269
3.12255671543697 3.54136000105194
3.42018310854791 2.26739687902948
0.261866660077796 2.23092573861195
3.51935465027634 1.36900820376171
1.24350254996338 3.85831860351212
2.49107260775821 3.64191946053691
5.57065499414403 2.60207173836301
-1.55327880056159 2.11831170384613
1.38527526214071 3.21657525984509
2.49224815245865 2.60943409842119
4.48903515307702 2.5597112717849
0.884650709539167 3.28013015618215
1.61359030829956 2.97427224989401
2.78682600708661 4.10562203102497
1.63284333601691 2.98980040314785
2.51509066375109 2.47714219405459
-0.453896524158504 2.60116772096134
-2.09532992629291 4.43283396328684
2.46672512904042 4.50881083212412
1.64942169785923 4.29250796764677
3.29327772727416 4.90525022708473
3.33922662474456 3.99821657837354
1.70932192385813 3.39994526428347
1.19751006976264 3.37580396853696
-0.923535553186548 3.6294199645706
8.48839973610496 3.29139617460042
1.83628098552767 1.48327236369855
4.99386540815633 3.75652386549571
2.45633568720721 1.91055437009853
6.63350688543874 2.92822682698081
2.66025072195438 2.95518002343628
-0.715420366326761 2.26329419219946
6.66001525099677 3.17164507632466
1.36231660285083 3.38300489683283
3.84967868228764 3.89423844891557
5.03553391818342 1.58571671376693
10.6729967170713 3.07137507333861
2.61779761442281 4.67913819995055
-0.653539179220064 2.68014933168602
2.47141534515691 1.92280447622159
2.70075001407874 4.7217186547086
7.86130162818963 3.12669552464248
2.47791582262387 2.76682412423652
1.75212316571729 2.85239405614026
4.00184518974656 1.57613797235348
8.19710625716215 2.6182304715299
2.57271491726931 1.4811463837276
1.28086220007849 2.79731280827347
2.2296782927386 4.41941366420549
6.36366529761527 4.50142316005624
3.59016436466651 3.05385858799872
1.28720124629703 2.76407766907184
5.60566849586394 4.75582511316594
4.48508997108287 2.9275572959666
5.36813234373752 1.94786937608661
3.78876199800414 4.16416665425595
5.89426021316347 3.1947581169432
4.58400485545865 2.53548957576305
0.835445459463115 4.02039645327537
3.10471410722899 3.89203376329013
5.81833928033579 6.55754485719878
0.171156909094662 2.21007455326814
3.17177053910417 2.65918399292134
5.14032831537739 2.29315437761003
3.61900809953906 3.47113569584124
5.08679643519457 3.95647886825605
2.87145589357465 2.90650795667322
3.36308674334452 2.14807431486266
0.0649042054498516 2.89693737392517
4.64448919108394 3.74741757408481
3.50674043174785 2.70976617500646
2.33050808804308 1.64960926391828
1.28366172580716 4.41256294877913
1.95687039075593 5.35030916783393
4.04135369971454 3.24873958727615
1.56925063057616 3.70024729348885
2.38061487497262 1.76353098223216
4.60250691671801 2.10031708203405
4.3306530596909 3.84994320170403
5.45476860838349 3.62958622349959
1.91266664487353 2.96567823395559
0.828704977229909 3.68391102945865
2.98248249755475 2.50633717768366
4.39849492641894 4.71515783422555
0.765178462407504 3.02060239979039
5.39368501516483 2.22434332910891
4.74678038216767 2.89278204706483
3.67922689680982 2.91639743834688
5.49904331764807 3.55175084042259
2.86245539689515 3.13784528809689
4.58316329825843 3.47528985160935
2.75562875050312 2.40316694870928
3.49574135214945 3.68220629858069
2.27437015918263 4.68490011660772
4.78191919394635 2.05478512629562
3.38470519142486 4.44123708865229
4.00047582855789 3.51939067081337
0.632628287831493 1.75038125875993
4.46839288102421 2.43835609029073
1.35997904954703 3.02784787995041
3.37170935760204 3.94795254520802
0.718070730269695 2.53408032343998
3.22087628150911 4.03694531460359
0.127844721575287 1.64042106535459
4.84547492759419 3.3352081330963
2.28802052442953 2.86087938564023
6.95129130716859 1.81370032913635
3.25696774855434 3.35726516250792
2.60440320401488 2.39161255388463
3.01537749005148 3.54081861149047
2.35853233302257 2.24823528617613
4.3954565083208 3.57799658502363
1.54529537767996 1.46772139056383
4.75970109267433 1.46058986113146
0.965816402358692 2.21320727979303
4.74263640649344 2.60286710780774
3.6653315004004 3.26381242375668
3.24661340821062 2.83337434496603
0.982999783727871 2.15790520050183
-1.11072215228776 2.15930470167533
1.96457180066631 4.40545998764523
5.11931683408924 3.74188710175916
3.48487460438919 3.49106689550637
6.18248245526089 3.46651726134313
0.959229945054269 0.960350445977149
1.98653278450694 3.23603699318745
0.320009094659011 3.64714053785257
4.46939265459273 2.25334546759372
3.85987257699907 2.68408654001495
6.80186486611469 4.33987552116487
1.43690036904136 1.02885897033425
0.575914276242499 3.81183440152782
-0.571838810536056 2.80109006326991
1.23536316160884 4.36036739044256
0.640851001145434 0.0934533626450973
3.83826218473417 3.35616260462029
2.73440790245338 3.2024910404101
4.48028067220254 3.5722519541885
3.36636052378701 0.592285942377851
3.35388312055286 2.81269797035523
0.682953149320792 2.68101538216198
