0.518007597263631 -0.220299847430841 0.37511565223474 0.815715347096422
-0.846296518039683 -1.52604472992983 -6.27072722586887 -3.2186377660092
0.769085340046031 1.36140812509893 5.62239505538886 2.89957880519099
-1.47696293428608 0.49866060039587 -1.45794406738455 -2.45526526817629
0.348724492082473 0.00463111347211819 0.7113423245813 0.702080097637064
-0.205777601294252 1.21213040373748 3.22483600862393 0.800575201148975
-1.2141896450749 0.27891822252972 -1.59162462256065 -2.14946106762008
-0.454501529613355 0.478701402455556 0.527101148139959 -0.430301656771153
0.748790752514803 -0.270028638696561 0.687495588939922 1.22755286633304
0.658549611298546 -0.228055776807859 0.632931892173514 1.08904344578923
0.031054284909116 -1.64619918060561 -4.8764889719986 -1.58409061078738
-0.28989907312834 1.41591187933633 3.66793749175231 0.83611373307965
1.63642409285885 -1.34058024292071 -0.748892543044426 1.93226794279699
-0.970633029029155 1.50689403830824 2.57941605686642 -0.434372019750068
1.02778873905284 1.00408973609761 5.0678466863985 3.05966721420329
-1.1761688541456 0.766536561612698 -0.0527280234531049 -1.5858011466785
-0.589926119507967 1.65807309415225 3.79436704344081 0.478220855136314
-0.717689717058289 -0.346389989330283 -2.47454940210743 -1.78176942344686
-0.260563655935834 -1.44157340662513 -4.84584753174706 -1.9627007184968
-1.54493258229703 -1.60141913010721 -7.89412255491567 -4.69128429470126
0.725713733251308 0.702055745157239 3.55759470197433 2.15348321165985
1.01686047608349 1.70427484889189 7.14654549884265 3.73799580105887
-1.6457190078597 -0.364971178463224 -4.38635155110907 -3.65640919418262
0.332673312385634 -0.74224951118552 -1.56140190878529 -0.0769028864142526
-0.610476007714371 -0.367230927075147 -2.32264479665418 -1.58818294250389
0.9050905151776 0.334800533367497 2.81458263045769 2.1449815637227
0.562884310706905 -1.16211181892549 -2.36056683536266 -0.0363431975116795
-0.922987141020464 -1.3490900311408 -5.89324437546334 -3.19506431318173
-0.198218081737537 -1.53843716882592 -5.01174766995282 -1.93487333230099
0.56605535366421 1.01139511716335 4.16629605881846 2.14350582449177
0.670914039394902 -0.898678399680897 -1.35420712025289 0.443149679108908
-1.42534550007446 -1.19472280875342 -6.43485942640918 -4.04541380890234
0.717839463464615 -1.4538704632052 -2.92593246268638 -0.018191536275973
1.18037371397269 1.16179193472309 5.84612323211465 3.52253936266847
0.336581851192004 -1.42679407203801 -3.60721851373002 -0.753630369654
1.13690594218606 0.927702205276784 5.05691850020248 3.20151408964891
0.0626687356531343 -0.0492096985812875 -0.0222916244375938 0.0761277727249811
1.27294965342733 0.237144173982191 3.25733182880122 2.78304348083684
-1.32783928020805 0.995233736374387 0.330022648707062 -1.66044482404171
-1.69936297183273 -0.275748785496803 -4.22597230015587 -3.67447472916227
1.28264021496964 1.43974645522049 6.88451979560077 4.00502688515978
0.116973502498011 1.4296802423715 4.52298773211054 1.66362724736753
1.60015380640785 0.505241101287854 4.71603091667925 3.70554871410355
-0.356705290556337 0.117799937025169 -0.360010770037169 -0.595610644087506
-0.91708945527079 1.7020314933246 3.27191556943222 -0.132147417216982
0.974951691012963 1.51108288115914 6.48315202550336 3.46098626318507
-1.27276287871178 1.23400159839037 1.15647903774756 -1.31152415903318
-1.4535407919206 -0.49495511318427 -4.39194692339401 -3.40203669702547
0.845136905850798 -0.0768585027016954 1.45969830359651 1.6134153089999
-1.03566002340596 -0.667375125542059 -4.0734454234381 -2.73869517235398
0.534002030370264 -1.72866121556999 -4.11797958596945 -0.660657154829466
0.676670918926356 0.0600906829491876 1.53361388670027 1.4134325208019
1.63546470103938 1.23704761584916 6.98207224962624 4.50797701792792
0.462528575908187 -0.622173919436396 -0.941464606492814 0.302883232379978
-1.2343064685961 -0.45847071442174 -3.84402508045742 -2.92708365161394
0.674185908633376 1.30686439964953 5.26896501621534 2.65523621691628
-1.42380159552702 -0.583921181912741 -4.59936673679225 -3.43152437296677
-1.69506884684318 0.266363065285806 -2.59104849782894 -3.12377462840055
-1.17730879311411 1.6379676499804 2.55928536371297 -0.716649936247822
-0.327379600409243 -0.468457115814052 -2.06013054826064 -1.12321631663254
1.71258094168995 1.66188448617173 8.41081534189507 5.08704636955162
1.09088704569642 1.16904607307557 5.68891231061955 3.35082016446841
0.817911180550878 1.43714759564607 5.94726514803995 3.07296995674782
0.21534344742501 0.0685218353632056 0.636252400939636 0.499208730213225
-0.556826485439735 0.96126844182097 1.77015235458344 -0.152384529058499
-0.197122293476793 0.0720170568026458 -0.178193416545648 -0.32222753015094
1.16569734075189 -1.12431175596098 -1.04154058637916 1.2070829255428
-1.35834683707991 0.35123855544696 -1.66297800781894 -2.36545511871286
-1.72464008609999 -0.151987032727079 -3.90524127038122 -3.60126720492707
-0.629920173688107 1.1059122941238 2.05789653499519 -0.153928053252412
0.847169678071025 -0.786680352217928 -0.665701700511735 0.907659003924121
-0.610123299300567 -0.922535580284716 -3.98785333945528 -2.14278217888585
0.611527339444189 0.7840360312168 3.57516277253878 2.00709071010518
1.06778803116644 -0.257116700207246 1.36422596171115 1.87845936212564
0.126974790258504 -0.924080122391229 -2.51829078665668 -0.670130541874221
0.905567837658118 0.80785481235086 4.23470011236881 2.61899048766709
0.74061466393435 -0.975228093328753 -1.44445495211756 0.506001234539948
1.33436260231131 -0.272314717051277 1.85178105346878 2.39641048757133
1.29902389886502 -1.07545957459653 -0.628330926059563 1.5225882231335
-1.63374541609511 -0.147084003620559 -3.7087428430519 -3.41457483581078
-0.82658962557936 0.359527933121759 -0.574595451793443 -1.29365131803696
1.67137899389993 1.59476824315925 8.12706271727761 4.93752623095911
-0.62175427652602 0.162262722922032 -0.756720384285945 -1.08124583013001
-0.993534069676518 0.837900737166221 0.526634072145625 -1.14916740218682
-1.59981561697536 0.871577401933256 -0.58489902815095 -2.32805383201746
0.683314936790932 -1.70456746496141 -3.74707252130237 -0.337937591379547
-0.870989126442542 -1.53707300426478 -6.35319726567943 -3.27905125714987
0.404410990715743 -0.868346882004464 -1.79621866458191 -0.0595249005729788
1.02747474842463 -0.170563896307485 1.54325780792681 1.88438560054178
1.11552537605599 0.120289765942462 2.59192004993936 2.35134051805443
-0.914818475521222 -0.584916902940564 -3.58438765986414 -2.41455385398301
0.0233697391815538 1.2147204523176 3.69090083531592 1.26145993068071
0.469736485908527 -1.11768169002454 -2.41357209825656 -0.178208718207483
0.653226874734309 -0.855193930033287 -1.25912804063124 0.451259819435332
-0.0694221372144758 -0.668796060905869 -2.14523245714656 -0.807640335334821
1.07130299463229 -0.101849369033914 1.83705788216284 2.04075662023067
1.20797259460362 0.437777147157615 3.72927663068009 2.85372233636486
1.59326094613086 -1.0659032138054 -0.0111877491544812 2.12061867845631
-0.312467545264729 1.38131940753094 3.51902313206335 0.75638431700148
-1.70253983723723 0.658908365618944 -1.42835457761763 -2.74617130885551
1.45070059634471 -0.895515063901649 0.214856000984482 2.00588612878778
1.09460407102337 -1.20547404614881 -1.42721399639969 0.983734095897924
-1.20010348442527 0.489850934165083 -0.93065416635529 -1.91035603468546
-1.59717579133339 -0.766463961798542 -5.49374346806241 -3.96081554446532
0.357940541873716 0.952065724341454 3.57207825677179 1.66794680808889
1.53747658606933 -0.520555393828574 1.51328699065294 2.55439777831009
1.51595013039508 -0.307898670899492 2.10820424809168 2.72400158989066
0.42266649551523 -0.889090429879422 -1.82193829860781 -0.0437574388489614
1.01903101362908 1.69085963375786 7.11064092853175 3.72892166101603
1.26942944822719 -0.411642814041675 1.30393045432935 2.1272160824127
1.07611479078445 -0.268559617628547 1.34655072868325 1.88366996394035
-0.601992470071336 -0.237743908892411 -1.9172166668199 -1.44172884903508
1.66374319350623 1.61506091201596 8.17266912306034 4.94254729902842
1.45910244952465 1.5633325658052 7.60820259646492 4.48153746485451
-0.661117529042792 0.243442178501718 -0.59190852258043 -1.07879287958387
0.378268798698427 -1.04790429044813 -2.38717527394752 -0.291366693051271
0.674422729656064 -1.18882002031434 -2.2176146016309 0.160025438997786
0.465812490311985 0.696462075137988 3.02101120603793 1.62808705576196
1.07705104319135 1.18840543712415 5.71931839775515 3.34250752350685
-0.902523100288774 -1.18935914282487 -5.37312362905216 -2.99440534340242
-0.747795449806227 -1.13862503830937 -4.91146601454055 -2.63421593792182
-0.590734462577237 1.22781013800384 2.50196148885706 0.0463412128493699
-0.488240900423311 1.64081879141473 3.94597457339756 0.664336990568107
0.999990901261492 0.290733639263626 2.87218272031386 2.29071544178661
0.708578308848848 0.30388959596301 2.32882540558673 1.72104621366071
0.178292373026794 -0.549932061681188 -1.29321143898998 -0.1933473156276
0.629135991037851 0.73369128641607 3.45934584132391 1.99196326849177
-0.569224892961722 0.324217906894932 -0.165796065238649 -0.814231879028513
1.09449627506927 -0.0674196929731573 1.98673347121908 2.12157285716539
-0.700739523264706 0.0438959242074189 -1.26979127390716 -1.35758312232199
1.66417020066384 -1.36915193921687 -0.779115416322942 1.9591884621108
-1.28119649792953 1.15169607690982 0.892695234870389 -1.41069691894924
1.13253865623989 -1.1448297445572 -1.16941192119182 1.12024756792258
-1.38831992504717 0.208399205697832 -2.15144223300084 -2.56824064439651
1.10006423473353 1.57410508918162 6.92244373701192 3.77423355864868
0.783257077053561 -1.53819055634784 -3.04805751493639 0.0283235977592855
-1.30888427329882 0.787935694402773 -0.253961463389327 -1.82983285219487
0.752570849946099 -0.788639969235282 -0.86077820781365 0.716501730656915
-1.42198107139299 -1.10094083369715 -6.14678464387743 -3.94490297648313
-1.68094830044291 0.418382380341797 -2.10674945986043 -2.94351422054402
0.676811257354347 -1.33132716589848 -2.64035898298675 0.0222953488102122
0.309264553228697 1.11003549994174 3.94863560628262 1.72856460639914
0.503487624039241 -1.11314792992059 -2.33246854168329 -0.106172681842109
0.558210328405258 0.429925518719366 2.40619721296861 1.54634617552988
1.06030738299991 -0.254362524963077 1.3575271911106 1.86625224103675
-1.08106871617769 1.2110683224055 1.4710675348611 -0.95106910994989
0.27823025330754 -0.554535068090966 -1.10714469765782 0.00192543852411475
0.6258885336867 -1.22275862116539 -2.41649879612278 0.0290184462080059
-0.763640277253175 0.360581863458039 -0.445534964132233 -1.16669869104831
-1.24569721586929 -0.791085036743613 -4.86464954196942 -3.2824794684822
0.39829525374587 1.38753044123766 4.95918183120471 2.1841209487294
-0.76512646381032 1.10241919605429 1.77700466054224 -0.427833731566345
-1.4611112223008 -1.08802902895908 -6.18630953147883 -4.01025147356067
-0.702265396078896 1.05339307121544 1.75564842148853 -0.351137720942353
-0.843017461581753 1.2515225271059 2.06853265815419 -0.434512396057606
0.428765137646939 0.70951681782507 2.98608072876909 1.56704709311895
-0.393760971587104 -1.50655024854507 -5.30717268880941 -2.29407219171927
1.51099055688018 -0.0643983322385208 2.82878611704481 2.95758278152185
0.458237350542143 -0.764791073050428 -1.377898518067 0.151683628033858
1.43264308025027 -0.494422692581696 1.38201808275545 2.37086346791884
-0.101403314119564 -1.7167135413767 -5.35294725236922 -1.91952016961583
1.52258953798153 -1.47035746476612 -1.36589331833531 1.57482161119694
1.66455046022686 -0.21006708887899 2.69889965381676 3.11903383157474
1.63683896420327 0.656251690299288 5.24243299930441 3.92992961870584
-1.7085169831941 0.530839532053818 -1.82451537022674 -2.88619443433437
-1.40384282891593 0.369953272703251 -1.69782583972212 -2.43773238512862
1.02289509920346 -0.14356540550666 1.61509398188693 1.90222479290025
0.357782862412635 -0.841523608807995 -1.80900510159872 -0.125957883982726
-0.373339357640681 -1.33594543913647 -4.75451503269078 -2.08262415441783
0.455603463854439 1.38565833209912 5.06818192400625 2.296865259808
0.0864553738538417 0.646005507058109 2.11092726888201 0.818916254765793
-1.36154050188981 -0.297557795768905 -3.61575439108633 -3.02063879954852
1.07419712376471 0.650604874550204 4.10020887118003 2.79899912207962
0.805557575953614 -0.18421074087179 1.05848292929186 1.42690441103544
0.166007708640488 1.25662619297987 4.10189399622058 1.58864161026084
0.692908767638166 0.942389499666718 4.21298603427649 2.32820703494305
-0.17883935385461 -0.766633289979797 -2.65757857764861 -1.12431199768902
-1.61963574079598 0.595059722364082 -1.45409231449971 -2.64421175922788
1.2797576968614 -0.465911687401139 1.16178033151937 2.09360370632165
-1.58942558528955 -0.466689299737347 -4.57891906979114 -3.64554047031645
-0.572112138552349 -1.39476583140338 -5.32852177131483 -2.53899010850808
-1.54346831778986 -1.49655813229368 -7.57661103246077 -4.5834947678734
0.39600634323288 -1.58006141013024 -3.94817154392496 -0.788048723664482
0.755581557490713 1.50315657851243 6.02063285051872 3.01431969349386
0.707552784566501 0.706983049086166 3.5360547163915 2.12208861821917
-1.30009059196537 0.234586159883942 -1.89642270427891 -2.3655950240468
1.47664468506325 -1.50554956717704 -1.56335933140461 1.44773980294947
-0.558749747697565 0.956029385771121 1.75058866191823 -0.161470109624008
0.619658672351362 -1.20086177649167 -2.36326798477227 0.0384555682110583
0.179869728631181 1.53772311138037 4.97290879140347 1.89746256864273
-0.599589432995326 1.4852543839019 3.25658428571506 0.286075517911253
1.11063522388101 0.664151680494166 4.21372548924451 2.88542212825618
-0.643569940606067 1.65934424012327 3.69089283915766 0.372204358911132
0.90941853480949 -1.73147234697634 -3.37557997131003 0.0873647226426424
1.51148767223649 -0.713831950734097 0.881479492270695 2.30914339373889
0.27909975083924 0.505236003872249 2.07390751329523 1.06343550555073
0.82493188015002 -1.63507955789682 -3.25537491339042 0.0147842024032214
0.490602626577192 1.041545641512 4.1058421776904 2.02275089466639
-0.998504190675589 0.218663180169601 -1.34101884084237 -1.77834520118158
0.299743165567532 1.40889598846651 4.82617429653459 2.00838231960157
-1.05650666542704 0.684700356658383 -0.0589122608789396 -1.4283129741957
0.158882865023561 -0.987356513481774 -2.6443038103982 -0.669590783434652
-1.65510604711534 -1.00397099357582 -6.32212507495814 -4.3141830878065
0.538181728899142 0.301317650522701 1.98031640936639 1.37768110832099
-0.708521224859706 1.59950665421364 3.38147751292151 0.182464204494228
-0.602510794494258 0.378102643560833 -0.0707136583060175 -0.826918945427683
1.53873507697993 0.69440324944114 5.16067990228329 3.77187340340101
1.57157902615653 0.714797487011612 5.28755051334789 3.85795553932467
0.581818192708285 0.622027365517905 3.02971848197028 1.78566375093448
-0.948867869984862 0.349930652092953 -0.847943783690865 -1.54780508787677
0.475555575393848 -0.106909859848863 0.630381571241108 0.844201290938834
-0.377815843695145 -1.30095825526121 -4.65850645317392 -2.0565899426515
0.0350942098005248 -1.47190964020132 -4.34554050100292 -1.40172122060027
0.723205623412761 -0.291730493668107 0.5712197658212 1.15468075315741
-1.59944030736009 1.15464456227458 0.265053072103555 -2.0442360524456
-0.0636714060757241 1.56243806211012 4.55997137417892 1.43509524995868
-0.880048496833097 1.54212226184904 2.86626979188093 -0.217974731817153
-1.382594544068 0.0955755787305245 -2.47846235194443 -2.66961350940548
1.38136941716204 1.39122587938032 6.93641647246504 4.1539647137044
-0.702273516446757 -0.587829136511159 -3.16803444242699 -1.99237616940467
0.376801710823408 -1.34965439857136 -3.29535977406726 -0.596050976924542
-0.188293626769173 1.56998001812131 4.33335280082558 1.19339276458296
1.32733024028935 0.0511225762149498 2.80802820922354 2.70578305679364
-0.591328284262519 1.10061867898835 2.11919946844003 -0.0820378895366842
1.70129529330739 1.2382078611006 7.11721416991656 4.64079844771537
-1.36749274696797 0.956517469638384 0.134566914979217 -1.77846802429755
-1.58220061687239 -1.7263421013983 -8.34342753793969 -4.89074333514308
-0.207865382687087 1.45548802357023 3.95073330533652 1.03975725819606
1.13851666914343 0.479186566297864 3.71459303718045 2.75621990458473
-0.12193535889897 -0.962489976982717 -3.13134064874609 -1.20636069478066
1.69655677539857 -1.49820381708812 -1.10149790046721 1.89490973370903
0.318126896723976 0.88004068565109 3.27637585040122 1.51629447909904
-1.32038107545228 -1.42130765044402 -6.90468510223663 -4.06206980134859
0.192496758767388 1.32528018703021 4.36083407862541 1.71027370456499
-0.0247908628783733 -0.192823843112724 -0.628053255094919 -0.242405568869471
0.741677025858034 -1.07038491581607 -1.72780069573213 0.4129691359
1.43398665537193 0.0508817905203439 3.02061868230489 2.9188551012642
0.127279952362203 -0.0487311320203135 0.108366508663465 0.205828772704092
0.210952281563451 -1.63315360770461 -4.47755625998694 -1.21124904457771
1.35472511526297 -0.668013685050013 0.705409175375904 2.04143654547593
0.948951581068929 -0.589144286066595 0.130470303938073 1.30875887607126
0.879783676747856 1.58297441127261 6.50849058731356 3.34254176476833
-0.796064669369372 -1.36275331539679 -5.68038928492911 -2.95488265413553
-1.60233382873534 -0.244577343122717 -3.93839968683882 -3.44924500059339
0.747580769178875 0.423190021600401 2.76473160315895 1.91835155995815
0.0935132838806908 -0.453441845542097 -1.17329896886491 -0.266415277780716
0.860612469220688 1.47845934986973 6.15660298805058 3.19968428831111
-0.469824285831043 0.2805207797148 -0.0980862325176861 -0.659127791947286
-1.1954886525951 1.32154926838844 1.57367049997512 -1.06942803680176
1.41934067856569 1.02677136252855 5.91899544471701 3.86545271965992
0.869046766611296 -0.645489130106793 -0.198373857097789 1.0926044031158
-0.923332209917669 0.584721395417354 -0.0925002335832756 -1.26194302441798
0.682610798705154 -1.09938334069436 -1.93292842467277 0.26583825671595
-0.300695462489127 -1.72683168560787 -5.78188598180186 -2.32822261058612
-1.00339659380101 -0.895645388719001 -4.69372935375901 -2.90243857632101
-0.186474446170149 -0.603370158633745 -2.18305936824153 -0.976319050974042
-0.305806928062423 0.24495058865573 0.123237909842343 -0.366663267469116
-1.43755205754231 -0.491707456671265 -4.35022648509841 -3.36681157175588
1.70127312234422 -0.749195352876098 1.15496018606015 2.65335089181234
0.425053645222957 1.47221777772733 5.26676062362789 2.32232506817324
-0.373107630126433 -1.12605259829088 -4.12437305512551 -1.87226785854375
-0.350936020774584 -0.349066977246756 -1.74907297328944 -1.05093901879592
1.14746710392676 0.48077245944016 3.737251586174 2.77570666729368
-1.43108459508416 1.43537412979548 1.44395319921812 -1.42679506037285
1.70932210011671 0.419612494371773 4.67748168334873 3.83825669460519
-1.30986223609331 1.41487728859803 1.62490739360747 -1.20484718358859
-1.31830698401393 1.71033861070608 2.4944018640904 -0.926275357321771
0.321308844864062 -0.732524939982887 -1.55495713022054 -0.0899072502547622
-1.30200902478456 0.496497518232607 -1.1145254948713 -2.10752053133652
0.708951421963143 0.0826223955913768 1.66577003070042 1.50052523951766
0.76082728735549 1.16029000234458 5.00252458174471 2.68194457705556
-0.680193429220842 0.7196103662579 0.798444240332015 -0.640776492183785
-0.44758219048718 -0.329234721008467 -1.88286854399976 -1.22439910198283
0.891992298625005 -0.292894377378497 0.905301465114518 1.49109021987151
0.104849766269072 1.51953926084213 4.76831731506452 1.72923879338027
0.574786619228231 0.0105923260187601 1.18135021651274 1.16016556447522
0.09150540909893 1.495776108338 4.67033914321187 1.67878692653586
1.29128233402685 0.732089402036609 4.77883287416352 3.3146540700903
1.19518050705485 0.631958101790435 4.286235319481 3.02231911590013
-1.01348039637182 0.228021265461877 -1.34289699635801 -1.79893952728176
-0.657820247225008 -0.929907676473021 -4.10536352386908 -2.24554817092304
-0.399080258858036 1.73041808952571 4.39309375086104 0.932257571809633
1.27458213803004 0.0245319062181105 2.62275999471441 2.57369618227819
1.15844177098731 1.41469796443994 6.56097743529445 3.73158150641456
0.606376230856079 -1.28392927335483 -2.63903535835234 -0.0711768116426759
0.555828688923344 -0.304524595413286 0.198083591606832 0.807132782433403
1.48380078369419 -0.596007400210075 1.17957936675817 2.37159416717831
1.3894072970271 0.0189534610311668 2.83567497714769 2.79776805508536
-1.30267507247699 0.288684255676033 -1.73929737792588 -2.31666588927794
-1.15916781133995 0.0360253312981721 -2.21025962878538 -2.28231029138172
-1.59586554555605 1.54412108317314 1.44063215840732 -1.64761000793897
-1.10039250548699 1.30742776566602 1.72149828602409 -0.89335724530796
1.30774035677879 -0.826008765272185 0.137454417741028 1.7894719482854
1.25000131577143 -0.230458321168008 1.80862766803883 2.26954431037485
-0.177224015579974 0.136022322010703 0.0536189348721614 -0.218425709149245
1.3606562415112 0.902941501850543 5.43013698857403 3.62425398487295
0.258181780396092 -0.141776783514259 0.0910332102494072 0.374586777277925
-0.166740692611078 0.158422499418019 0.141786113031901 -0.175058885804138
0.842782561075374 -1.26222440313312 -2.10110808724861 0.423340719017627
-1.50929756729547 -1.29705876105612 -6.90977141775929 -4.31565389564706
-0.271747556465583 -1.68648708344285 -5.60295636325971 -2.22998219637401
0.447722682912398 -1.29481313520348 -2.98899403978566 -0.399367769378688
1.31918723166816 0.168803974824385 3.14478638780947 2.8071784381607
1.45319154857578 0.86078906783333 5.48875030065155 3.76717216498489
-0.500787803832215 0.813779045891148 1.43976153000901 -0.187796561773282
0.785192855381564 -0.0755527637236517 1.34372741959217 1.49483294703948
-0.846864084492011 0.527471690541569 -0.111313097359317 -1.16625647844245
-0.485540752882573 0.0753761518560316 -0.744953050197052 -0.895705353909115
1.15685143209103 -1.67156240210675 -2.7009843421382 0.642140462075303
-1.21795616720475 -1.0177319913853 -5.4891083085654 -3.45364432579479
0.0809599730450945 -1.69364439228724 -4.91901323077152 -1.53172444619705
-0.606473392878129 0.675221723949304 0.812718386091652 -0.537725061806955
-0.597090188970644 0.703795529776244 0.917206211387444 -0.490384848165044
0.049059907752825 -0.667769031349376 -1.90518727854248 -0.569649215843726
-0.150227453842199 1.15370057156032 3.16064680699655 0.853245663875918
0.254526913933027 -0.762654299112886 -1.7789090694726 -0.253600471246831
-0.172564353416883 1.72215230819849 4.82132821776171 1.37702360136473
0.742857132651287 -1.2023672759841 -2.12138756264974 0.28334698931847
0.126684353416914 1.46636795004957 4.65247255698253 1.7197366568834
-0.393221560227421 1.46913478375833 3.62096123082015 0.682691663303491
1.50849993879567 -1.04269098170613 -0.111073067527057 1.97430889588521
1.63995126422034 -0.339137870539795 2.2624889168213 2.94076465790089
-0.547122416844687 1.12217045009084 2.27226651658315 0.0279256164014672
1.03859690475022 0.552054964664271 3.73335870349326 2.62924877416472
-0.534609838983473 -0.720970809262077 -3.23213210575318 -1.79019048722902
0.261691600083795 -0.429570675232965 -0.765328825531305 0.0938125249346252
-1.56843828651962 0.360270259371326 -2.05606579492527 -2.77660631366792
-0.914953823874654 -1.50590505169394 -6.34762280283112 -3.33581269944325
-0.0748726643973206 1.64653644134858 4.7898639952511 1.49679111255394
-1.28745438327181 -0.164972060256773 -3.06982494731394 -2.73988082680039
0.00728806705793872 1.13816981751185 3.42908558665143 1.15274595162773
1.1195336603793 0.189066014038245 2.80626536287334 2.42813333479685
1.4877693298479 0.200648691417755 3.57748473394907 3.17618735111356
-1.36687280645066 0.316856495390409 -1.7831761267301 -2.41688911751091
-0.216072721338734 -1.45429397841892 -4.79502737793422 -1.88643942109639
-0.804677597215054 0.627491095986713 0.273118093530032 -0.981864098443394
-1.16295979782545 -0.915106464206821 -5.07123898827136 -3.24102605985771
1.53283745227958 -1.06507321342055 -0.129544735702488 2.00060169113861
-0.657606996811498 -1.62126583532595 -6.17901149960084 -2.93647982894895
1.28652324529055 0.348440753293349 3.61836875046115 2.92148724387445
0.870214466666588 0.605582394636674 3.5571761172432 2.34601132796985
-1.23465859264117 -1.39003791681328 -6.63943093572219 -3.85935510209563
-1.10713848440321 -0.0730847398498745 -2.43353118835604 -2.28736170865629
-1.10571267005072 -1.48439506650794 -6.66461053962524 -3.69582040660937
-1.31593130650773 -0.0463204280556194 -2.77082389718232 -2.67818304107108
0.676619697863822 0.75136217591714 3.60732592347907 2.10460157164479
1.06561471758825 1.46237728338119 6.51836128532007 3.59360671855769
1.01556816819065 0.608154595324097 3.85560012235359 2.6392909317054
-0.617202477248552 -1.23230419838811 -4.93131754966143 -2.46670915288521
0.292664062779464 1.38561792268915 4.74218189362638 1.97094604824808
1.15339102761594 -0.791389779322696 -0.0673872827362016 1.51539227590919
-1.57050496400267 -0.844411930535579 -5.67424571961208 -3.98542185854093
0.989770063612661 -1.32940663745764 -2.0086797851476 0.65013348976768
-0.460189422209808 -0.168553432642327 -1.4260391423466 -1.08893227706194
0.0815809807756046 1.66783655007261 5.16667161176905 1.83099851162382
0.619291448810732 1.48234147098242 5.68560731056874 2.72092436860389
1.72968602426887 0.0570792238141952 3.63060971998032 3.51645127235193
0.164431899776534 1.22440039553015 4.00206498614353 1.55326419508322
-1.54276741678302 -0.109653089876443 -3.41449410319536 -3.19518792344248
-1.5608345414778 -0.375857198524783 -4.24924067852995 -3.49752628148038
-0.462800786134885 -0.4695145841562 -2.33414532473837 -1.39511615642597
1.69642326760726 -1.39159889550887 -0.781950151312087 2.00124763970565
0.754069608281197 1.63208290594778 6.40438793440574 3.14022212251018
-1.06257127605205 0.718330234379745 0.0298481510351261 -1.40681231772436
-0.901332302822235 0.447061364721519 -0.461480511479914 -1.35560324092295
0.726358362580656 -0.687210022553856 -0.608913342500257 0.765506702607456
0.900444877626844 -1.34812000462021 -2.24347025860693 0.452769750633482
1.01343089486333 -1.30666570531062 -1.89313532620519 0.720196084416044
-0.795577265669456 0.312273129506359 -0.654335142819835 -1.27888140183255
-1.14532337109247 -1.31218741110983 -6.22720897551443 -3.60283415329477
0.986174505755037 -0.758123641570006 -0.302021913199944 1.21422536994007
-1.23997771958664 -1.63252591890991 -7.377533195903 -4.11248135808319
0.918224454896052 0.670614639364468 3.84829282788551 2.50706354915657
0.463846454948563 1.26855574673089 4.7333601500898 2.19624865662802
0.9387730473575 0.553672114569893 3.53856243842468 2.43121820928489
-0.638698511850462 0.447719398574377 0.0657611720222084 -0.829677625126546
0.714871478158928 1.72474723718122 6.60398466786151 3.15449019349908
-0.900432517173887 0.295376443235491 -0.914735704641301 -1.50548859111228
1.06782567518523 -1.49574601046113 -2.35158668101293 0.639905339909329
-1.59965984505413 -0.182012921117007 -3.74535845345927 -3.38133261122526
-0.183311544458037 0.0524382307891723 -0.209308396548557 -0.314184858126902
-1.13167621302603 -0.51624338932336 -3.81208259402213 -2.77959581537541
0.286914266514947 -1.29310731695969 -3.30549341784916 -0.719278783929793
-0.980734579146534 -0.475981096825278 -3.3894124487689 -2.43745025511835
1.27490379647439 -0.921228560893187 -0.213878089730788 1.62857903205559
0.876287293454139 -0.276141183960067 0.924151035028076 1.47643340294821
0.0109758786949929 -1.19619366929594 -3.56662925049783 -1.17424191190595
0.662093072002569 -0.08417591587633 1.07165839637615 1.24001022812881
1.59525301412857 -0.416632565484463 1.94060833180374 2.77387346277267
-0.743718272839025 1.53813740711721 3.12697567567359 0.050700861439164
-1.37085005682872 -1.57446548444199 -7.46509656698341 -4.31616559809943
0.0881116420962041 0.814414512736968 2.61946682240331 0.990637796929376
-0.416852107078438 0.0419429302250436 -0.707875423481746 -0.791761283931833
-0.831824476664637 -0.268252309813154 -2.46840588276874 -1.93190126314243
-1.61558209762678 1.42316374578102 1.03832704208951 -1.80800044947254
-1.43458652377241 1.44769802351764 1.47392102300811 -1.42147502402718
0.0132186538182686 -0.363537750937383 -1.06417594517561 -0.337100443300845
1.16492920753231 -1.17515408464034 -1.19560383885638 1.15470433042429
-0.0406118809062322 0.462424463410487 1.306049628419 0.381200701598023
-0.977651881177581 -0.831182541842528 -4.44885138788275 -2.78648630419769
1.49042039096708 -1.11754635642014 -0.371798287326259 1.86329442551401
0.337675642590649 0.214665649354338 1.31934823324431 0.890016934535636
-0.186591154723732 0.323005949921248 0.595835540316279 -0.0501763595262167
-1.47896684081913 0.882797394839913 -0.309541497118516 -2.07513628679834
-1.24761664705527 -0.625236734776171 -4.37094349843905 -3.12047002888671
-0.936891560706317 -0.97287118633284 -4.79239668041115 -2.84665430774547
-0.296058528810078 0.82509588953425 1.88317061098259 0.232978831914093
0.0805817019955904 1.38205375470879 4.30732466811755 1.54321715869997
-0.793667695110076 1.28769334201701 2.27574463583089 -0.299642048203138
-1.28392612896481 -0.309528567339012 -3.49643795994665 -2.87738082526862
0.711201647385261 1.25416872876444 5.18490948106384 2.67657202353496
0.479955163044623 -0.156549610967578 0.490261493186511 0.803360715121668
0.196125845993172 -1.16147491971639 -3.09217306716284 -0.76922322773005
1.51804358522183 0.999475349459766 6.03451321882295 4.03556251990342
-0.215169519882009 -0.284414479034981 -1.28358247686896 -0.714753518798999
-0.301561818354638 0.412855758397219 0.635443638482382 -0.190267878312056
-1.72633415182594 0.719470647273873 -1.29425636183027 -2.73319765637802
0.529687511672477 0.899885045137751 3.75903015875821 1.9592600684827
0.244828855740823 -0.174905973341466 -0.0350602085427505 0.314751738140181
0.944208883595509 1.18206060084313 5.43459956972041 3.07047836803415
-0.695788844801993 -1.36244036312393 -5.47889877897577 -2.75401805272791
-0.778021539715243 -0.681200199550578 -3.59964367808222 -2.23724327898106
-0.811520103697965 -0.852163838863548 -4.17953172398657 -2.47520404625948
1.44237011710286 -0.290937704472841 2.01192712078719 2.59380252973287
1.12075339018856 -1.34065766809069 -1.78046622389497 0.900849112286418
1.4829111505701 0.834090134864211 5.46809270573284 3.79991243600442
1.04967995928185 -1.02973557267844 -0.989846799471632 1.06962434588525
-1.01223767992884 1.36918892603074 2.08309141823454 -0.655286433826936
0.945763242374822 -0.0314494797537886 1.79717804548828 1.86007700499586
1.67437356836347 -0.749870860560508 1.09913455504542 2.59887627616643
-1.46265596904335 0.839326684578375 -0.407331884351577 -2.08598525350833
-1.17483109727721 -0.682032173606288 -4.39575871537329 -3.03169436816071
-1.10371850352674 -0.849209308166569 -4.75506493155319 -3.05664631522006
-1.61036484120511 -1.6716830215419 -8.23577874703592 -4.89241270395212
-0.213748052198486 1.63902061835782 4.48956575067649 1.21152451396085
0.159097283895017 -1.30811512278097 -3.60615080055289 -0.98992055499094
0.244537926219627 1.615021421183 5.33414011598825 2.10409727362225
-0.0903645637405247 -0.511423586660578 -1.71499988746278 -0.692152714141627
-0.861705653830913 -0.480931935338791 -3.1662071136782 -2.20434324300062
-0.77001407645188 -1.64504727154274 -6.47516996753198 -3.1850754244465
-0.091742914232263 -1.02234378543682 -3.250517184775 -1.20582961390135
-1.6688785788147 1.2649105933251 0.456974622345898 -2.0728465643043
-1.32460730954203 -1.47137540186831 -7.06334082468899 -4.12059002095237
0.146572321456889 -0.477721812245948 -1.14002079382407 -0.18457716933217
1.4566176044653 -1.61812939404617 -1.9411529732079 1.29510581488444
1.04681066639067 1.36435258972434 6.18667910195435 3.45797392250567
-1.36776208730251 -1.16295587494254 -6.22439179943264 -3.89848004954756
0.242917147682948 -0.0124801146168462 0.448393951515357 0.47335418074905
-0.852760004253033 -0.851640222748194 -4.26044067675065 -2.55716023125426
0.0767514659371251 -1.02509417682839 -2.92177959861091 -0.871591244954138
0.732349830306334 -0.735730291611445 -0.742491214221666 0.728969369001223
0.235755812686355 -1.14573625357386 -2.96569713534888 -0.674224628201154
-0.653796341991649 0.138815098905137 -0.891147387267887 -1.16877758507816
0.711471707204249 0.140546573921271 1.84458313617231 1.56348998832977
0.0918671684793671 1.71596557634502 5.33163106599378 1.89969991330375
0.301210047673729 -0.970315058161446 -2.30852507913688 -0.367894962813989
-1.37803305366122 -1.59645667529237 -7.54543613319954 -4.3525227826148
-0.419676894206859 1.39311963744012 3.34000512390665 0.553765849026407
0.783385907031888 0.410191298598105 2.79734570985809 1.97696311266188
0.0667870416698724 -1.22532131185287 -3.54238985221888 -1.09174722851313
0.311678883964669 1.4464716935968 4.96277284871973 2.06982946152614
-0.730941811374931 1.5019688818319 3.04402302274584 0.0400852590820402
0.318942587562623 0.598365220854283 2.43298083768809 1.23625039597953
1.72251900202424 -1.07437632465978 0.221909030069144 2.3706616793887
-1.42407153929365 -0.387184315843369 -4.00969602611741 -3.23532739443067
-0.515536812480615 1.43658161433049 3.27867121803023 0.405507989369258
-0.92884771560046 -0.663642629679715 -3.84862332024006 -2.52133806088063
0.668388817791024 1.22963610936076 5.02568596366432 2.5664137449428
-1.43263820307687 -1.11829516126531 -6.22016188994967 -3.98357156741904
-1.06601606810796 -0.187770211784085 -2.69534277156818 -2.31980234800001
0.168770805986427 0.836290842921084 2.84641414073611 1.17383245489394
-0.312323116868361 -1.61964472903884 -5.48358042085326 -2.24429096277557
-1.70105937755316 -1.56151349519135 -8.08665924068037 -4.96363225029767
-0.0323521650029647 -1.4656201929868 -4.46156490896633 -1.53032452299273
-0.696890824898052 1.01846804220422 1.66162247681657 -0.37531360759188
-0.350343597408693 -1.08475434080765 -3.95495021724033 -1.78544153562503
0.22158241347559 1.6244257828889 5.31644217561789 2.06759060984008
-0.640817704911759 1.074516009729 1.94191261936347 -0.207119400094522
0.921229006755352 0.485626021083626 3.29933607676158 2.32808403459433
0.112898553643983 -0.387482627103494 -0.936650774022514 -0.161685519815527
1.08045795455116 0.720432247101792 4.3222126504077 2.88134815620411
1.09587120210989 0.400521227608753 3.39330608704604 2.59226363182853
-1.10337454373618 0.356034231392456 -1.13864639329499 -1.8507148560799
-0.598109332151332 -0.619718493458282 -3.05537414467751 -1.81593715776095
-1.56785429369014 -0.94543915854155 -5.97202606300494 -4.08114774592184
-0.215516925958598 1.1924746289064 3.146390034802 0.761440776989204
0.0811343817631532 -0.410536046530353 -1.06933937606475 -0.248267283004047
-0.637894287384101 1.00367219709204 1.73522801650792 -0.272116377676162
1.39689103376534 1.5869102507382 7.5545128197453 4.38069231826889
-0.790393456536812 0.681768735460021 0.464519293306441 -0.899018177613602
0.825027063470911 -0.330433116082217 0.65875477869517 1.3196210108596
1.53134620222683 0.514928672423944 4.6074784217255 3.57762107687761
1.14006638078877 -1.069698495949 -0.928962726269444 1.21043426562855
-0.632268493632868 0.734617510817277 0.939315545186097 -0.529919476448458
0.856782892307066 -1.41436850814157 -2.52953973981059 0.299197276472558
1.64425415727141 0.138437465402447 3.70382071075017 3.42694577994527
-0.890851454604219 -1.27377308008091 -5.60302214945117 -3.05547598928935
-1.15215341873071 0.2604738227641 -1.52288536916911 -2.04383301469731
1.12465262194608 0.660376960643123 4.23043612582153 2.90968220453528
-0.285091745851748 -0.721459967878317 -2.73456339533845 -1.29164345958181
-1.025816107818 1.16945821431254 1.45674242730163 -0.882174001323454
-1.41910982437499 -0.292379737610676 -3.71535886158201 -3.13059938636066
-1.53001727344845 -1.69898978924688 -8.15700391463755 -4.75902433614378
-1.61390113609375 -0.545254825846323 -4.86356674972647 -3.77305709803382
-0.289891491058715 -1.19516183157474 -4.16526847684167 -1.77494481369218
0.223206478040614 -1.16971602623341 -3.06273512261902 -0.723303070152186
0.519743985998565 1.04915378266082 4.18694931997958 2.08864175465795
1.35724587801663 -1.39409321918674 -1.46778790152694 1.32039853684653
0.808303470006737 -1.71162995801992 -3.5182829340463 -0.0950230180064497
-1.50881321393349 -0.151646048506232 -3.47256457338567 -3.1692724763732
0.847676864804288 1.00492028103221 4.7101145727052 2.70027401064079
1.01373522185851 0.661353383492414 4.01153059419426 2.68882382720943
-1.36713342476545 1.13219697693833 0.662324081284075 -1.60206987259258
-0.661666338454827 -1.45601802294842 -5.69138674575492 -2.77935069985808
-0.578617231924506 -0.73729817724982 -3.36912899559847 -1.89453264109883
-1.55723762970858 -0.917819749048002 -5.86793450656117 -4.03229500846516
-1.4172900458891 0.888104261995759 -0.170267305790921 -1.94647582978244
-0.922502202623939 1.24129382501217 1.87887706978863 -0.603710580235707
0.0831083466036717 -0.996548139017518 -2.82342772384521 -0.830331445810175
1.20387840458257 -0.805527076345468 -0.00882441987126992 1.60222973281967
0.458158926626371 -1.03568583901385 -2.1907396637888 -0.119367985761104
0.594776385749369 0.0449109017655665 1.32428547679544 1.2344636732643
-1.22346158499142 1.01193658786334 0.588886593607181 -1.43498658211949
-0.632721681722586 0.947726139971725 1.57773505647 -0.317717223473447
0.996055861937119 0.841164880861329 4.51560636645823 2.83327660473557
-1.40181668740929 1.71858435971743 2.35211970433369 -1.08504901510116
-1.01800554515972 0.476483193779653 -0.606561508980472 -1.55952789653978
0.267692631252591 1.24370116348205 4.26648875295134 1.77908642598723
0.0177245705713455 1.59890608516516 4.83216739663817 1.63435522630785
1.04226893360387 -0.227723226500186 1.40136818770718 1.85681464070756
-1.06759574340625 1.68565595056725 2.92177636488925 -0.449535536245248
-1.15850184109006 1.29099822902507 1.55599100489508 -1.02600545315505
-0.58847870083008 0.47225469273692 0.2398066765506 -0.70470270892324
0.356715631306435 1.43786215331032 5.02701772254382 2.15129341592319
0.421409373067234 1.09698378361959 4.13377009699323 1.93980252975406
0.780691186188142 0.140940011858734 1.98420240795248 1.70232238423502
-1.25133494345629 1.60669131490845 2.31740405781276 -0.895978572004136
-0.186839619967612 -1.70335361065968 -5.48374007191426 -2.0770328505949
-0.0604717991610548 -0.975034160677375 -3.04604608035424 -1.09597775899949
-0.616753622032337 -0.13364300165268 -1.63443624902271 -1.36715024571735
0.38709471049783 1.33375102220551 4.77544248761218 2.10794044320117
-0.56354686731427 -1.4215445089514 -5.39172726148274 -2.54863824357994
-0.24903834882665 1.36381525906379 3.59336907953808 0.865738561410495
-0.0694786970355194 -1.27162982255773 -3.95384686174423 -1.41058721662877
-1.11597632523802 -0.52908918170837 -3.81922019560115 -2.76104183218441
0.550198858823638 -0.868931420860925 -1.5063965449355 0.231466296786351
0.655066923724505 1.3426226076833 5.3380016704989 2.65275645513231
1.3276928210776 0.126971027521309 3.03629872471913 2.78235666967651
0.298227735674945 -0.536948219530133 -1.01438918724051 0.0595072518197575
-0.947827910403809 1.06772259370542 1.30751196030864 -0.827933227102198
0.547268527551157 0.704288794197385 3.20740343769447 1.7988258492997
0.671762117890357 -1.08929841075667 -1.9243709964893 0.254225825024043
-1.39483125284633 1.31937967130082 1.1684765082098 -1.47028283439183
-0.249380013124461 -0.886117685328737 -3.15711308223513 -1.38487771157766
-1.66238057975746 0.881681421421722 -0.679716895249753 -2.4430797380932
0.39436852148276 -0.142832297021497 0.360240151901028 0.645904745944023
0.0896462086672317 0.233957714155791 0.881165559801835 0.413250131490254
-0.355155650275963 0.4409788082098 0.612625124077473 -0.269332492342126
-1.31148097335462 0.727710200977074 -0.439831343778027 -1.89525174573218
-1.24683815602133 1.70650181420749 2.62582913057982 -0.787174497835163
-1.70881543577513 -0.169852767509002 -3.92718917407726 -3.58748363905926
-0.151165500184059 0.0381133932296154 -0.187990820679271 -0.264217607138502
1.68342603267949 0.553320321054476 5.02681302852241 3.92017238641346
1.5388843170874 1.29564131023363 6.9646925648757 4.37340994440843
-0.289549554883418 0.962351442062453 2.30795521642052 0.383252332295618
1.70701944714786 0.296756241892251 4.30430761997248 3.71079513618798
-1.63860193076421 -1.08435501713518 -6.53026891293397 -4.3615588786636
1.54361094417695 -0.374399360738992 1.96402380613692 2.7128225276149
1.15368600418179 1.21939238381377 5.96554915980489 3.52676439217735
0.123495178364738 -0.677747091901387 -1.78625091897468 -0.43075673517191
-1.62638944200234 -0.437650581275013 -4.56573062782972 -3.69042946527969
-0.20643752426238 -1.23918192575831 -4.13042082579969 -1.65205697428307
-0.744796254416065 1.14371096339336 1.94154038134796 -0.345881545438768
-1.62573557597485 -1.31452570267144 -7.195048259964 -4.56599685462113
-0.228988908366379 -0.0660179595820009 -0.65603169547876 -0.523995776314758
0.349210496036595 -0.508779768730216 -0.827918314117458 0.189641223342974
-0.660298495288521 -0.726570073296551 -3.5003072104667 -2.04716706387359
-0.94491430324498 1.52167488544187 2.67519604983564 -0.368153721048095
-0.798547572880825 0.179512773384165 -1.05855682560915 -1.41758237237748
0.910773481300737 -0.349451661092283 0.773191979324626 1.47209530150919
0.0587172944396594 0.607073885790912 1.93865624625206 0.724508474670231
0.502070733445803 1.30480734058489 4.91856348864627 2.30894880747649
-0.350579087250203 -0.128233794601312 -1.08585955830434 -0.829391969101719
-1.08689566905242 0.376152392599627 -1.04533416030596 -1.79763894550521
-0.194876465907234 -0.829376695715373 -2.87788301896059 -1.21912962752984
1.05698004666231 -0.184767737798983 1.55965687992768 1.92919235552564
1.12247052654214 -1.67323094700085 -2.77475178791827 0.571710106083428
-0.395777144307518 0.454358490191839 0.57152118196048 -0.337195798423198
-0.141734961946146 -1.3023817476517 -4.1906151668474 -1.58585167154399
-0.750401607218845 1.21289491880368 2.13788154197334 -0.287908295634013
1.49111299498726 0.0367420227436987 3.09245205820561 3.01896801271822
0.737875256859846 1.14469928467353 4.90984836774029 2.62044979839322
-0.365016723692687 0.71533377663463 1.41596788251851 -0.0146996707507447
0.584336903048859 -1.28884768678961 -2.69786925427112 -0.120173880691895
-0.0434403070631963 1.1820996444732 3.4594183192932 1.0952190303468
0.326335822397626 -0.368805072626909 -0.453743573085475 0.283866572168344
1.25169883568792 1.53784802028151 7.11694173222035 4.04124569165734
0.68835955973335 0.200629952364603 1.97860897656051 1.5773490718313
-1.33128550268379 0.416426534251391 -1.41329140261341 -2.24614447111619
0.764497297845127 -1.35723390383955 -2.54270711582839 0.171760691850707
1.48611563576836 0.428431030742027 4.2575243637628 3.40066230227875
0.629657465420426 1.12600858859256 4.63734069661854 2.38532351943341
0.740060712853094 1.56106497619819 6.16331635430075 3.04118640190438
0.10903549420193 -1.56424358441457 -4.47465976483985 -1.34617259601071
1.58443535320688 0.250075650937673 3.91909765922679 3.41894635735144
1.08414474146704 -1.12608372028427 -1.20996167791874 1.0422057626498
-1.62863362319165 -0.0102102453439544 -3.28789798241516 -3.26747749172725
0.0950483665352996 0.798348608693954 2.58514255915246 0.988445341764553
1.34513177473243 0.0587816926940636 2.86660862754705 2.74904524215892
-1.22779743318157 1.63602674096822 2.4524853565415 -0.819568125394929
-1.15961863058058 -0.952970481717415 -5.17814870631341 -3.27220774287858
-0.646496492576614 0.532264013865507 0.303799056443293 -0.760728971287721
-0.917757738866229 1.66837458928427 3.16960829012036 -0.167140888448185
0.997226850081804 1.14226725143812 5.42125545447795 3.13672095160172
-0.710399482508326 0.763732398305388 0.870398229899511 -0.657066566711264
0.958584116778168 0.0863468686352396 2.17620883946205 2.00351510219157
-0.559903285072663 -0.446147232002995 -2.45824826615431 -1.56595380214832
-0.477851608386264 0.853194104695871 1.60387909731509 -0.102509112076657
-0.657444909583345 -0.640672967054896 -3.23690872033138 -1.95556278622159
-0.0666126405551775 1.31593348590977 3.81457517661894 1.18270820479941
-1.04874752471467 -0.0554906329063056 -2.26396694814826 -2.15298568233565
1.32733104026917 0.00180532572326438 2.66007805770813 2.6564674062616
-0.350624819353845 -0.581830642109792 -2.44674156503706 -1.28308028081748
-1.12467341502207 -0.830070587034812 -4.73955859114857 -3.07941741707895
-0.59220543972949 -1.57308656349136 -5.90367056993307 -2.75749744295034
1.71513386254485 1.31904245093765 7.38739507790266 4.74931017602735
1.05498293524759 0.524898584379691 3.68466162363424 2.63486445487486
-0.660633277937105 0.297659886175839 -0.428286897346694 -1.02360666969837
0.568558966875266 0.0208798366385664 1.19975744366623 1.1579977703891
1.50611920181293 -1.03071160032896 -0.0798963973610123 1.9815268032969
-1.25140582510062 -0.19302454761195 -3.08188529303708 -2.69583619781318
0.232651477785228 1.26341391401123 4.25554469760414 1.72871686958168
-0.210392932148737 -0.852570503993173 -2.97849737627699 -1.27335636829065
0.645520154809136 1.60062458833564 6.09291407462518 2.89166489795391
0.519389822203479 -0.466327472854089 -0.36020277415531 0.572452171552868
0.851321252366226 1.49141711499266 6.17689384971042 3.19405961972511
-0.285707700178266 0.427546152370081 0.711223056753711 -0.143869247986451
0.121353692549697 -0.317844130358979 -0.710825005977543 -0.0751367452595843
1.0487815450563 0.753738216999008 4.35877774110961 2.8513013071116
0.82163975886675 -0.12878795867927 1.25691564169569 1.51449155905423
0.115564773823935 0.119066921926975 0.588330313428793 0.350196469574844
0.459387202009538 -0.788972347407754 -1.44814263820419 0.129802056611322
-0.47008261667892 -1.40164474628066 -5.14509947219981 -2.3418099796385
1.70064036929804 -1.21318482363217 -0.238273732300426 2.18809591496392
-0.907110924872673 -0.389000796965049 -2.9812242406405 -2.2032226467104
-0.877069698809191 1.36096611722048 2.32875895404306 -0.3931732803979
1.56369444614189 1.04982829008 6.27687376252377 4.17721718236377
0.313049196779018 -0.0406898723607412 0.504028776475813 0.585408521197295
-0.331165712147569 1.31676256596315 3.2879562735943 0.654431141668008
-1.44669868883406 -0.0136151285183063 -2.93424276322304 -2.90701250618642
0.532301237907728 1.39763173103421 5.25749766891808 2.46223420684966
1.72557801601148 -0.419090881830562 2.19388338653127 3.03206515019239
0.47267517515767 0.801724606889471 3.35052417098375 1.74707495720481
-0.229410627359785 -0.19310493618499 -1.03813606327454 -0.651926190904559
1.43471457567529 -1.38960733174907 -1.29939284389662 1.47982181960151
0.345827179658448 -0.441265824396114 -0.632143113871445 0.250388534920782
-0.934154690229084 1.48702442322135 2.59276388920589 -0.381284957236816
1.58575863164207 1.24045845936397 6.89289264137606 4.41197572264812
-0.61118281443898 0.940105105048186 1.5979496862666 -0.282260523829775
-0.321654701120499 -1.21878718250418 -4.29967094975355 -1.86209658474518
1.13633571635774 1.68593863186686 7.33048732831606 3.95861006458234
0.13374912305398 -1.27829785338377 -3.56739531404334 -1.01079960727581
-0.474164513154626 -0.284980728853968 -1.80327121287116 -1.23330975516322
0.585242193841599 0.230537751056314 1.86209764085214 1.40102213873951
-1.66722174977892 1.32266545277539 0.633552858768327 -2.01177804678245
-1.52572836374929 0.0223304623635705 -2.98446534040788 -3.02912626513502
-0.282887316155091 -0.342552177340856 -1.59343116433275 -0.908326809651038
0.634285140010018 -0.244718219867602 0.534415620417229 1.02385206015243
0.880360947040696 1.04622080312929 4.89938430346927 2.80694269721068
1.35582896053364 -1.49382713944279 -1.76982349726108 1.21783078162449
0.267832117761961 -0.29977918113624 -0.363673307884798 0.235885054387682
1.04553353703844 1.37252341311914 6.2086373134343 3.46359048719602
-0.118434798638107 0.176387419158039 0.292292660197903 -0.0604821781181747
0.214476778885495 -1.00557336900894 -2.58776654925583 -0.576619811237949
1.13093146167573 -0.721786330044783 0.0965039332171047 1.54007659330667
-0.070228973440782 -0.465029460384178 -1.5355463280341 -0.605487407265742
-1.04523019043361 -0.0238324779836136 -2.16195781481805 -2.11429285885082
-0.415458505109625 1.30520633254323 3.08470198741043 0.474289322323976
-0.827112872427396 1.2599598830861 2.12565390440352 -0.394265861768687
-0.946605450360661 0.0318644225803898 -1.79761763298015 -1.86134647814093
1.4058711015678 -1.00763206793075 -0.211154000656644 1.80411013520485
0.880147376618209 0.634631876459052 3.66419038261357 2.39492662969547
1.17930490169989 -0.641267631440885 0.434806909077131 1.7173421719589
-0.0118606624976394 -1.52233813414202 -4.59073572742135 -1.5460594591373
-0.694443943473455 0.388927730150698 -0.222104696494816 -0.999960156796212
0.225384781043142 -0.812392119862675 -1.98640679750174 -0.361622557776392
-1.6263839723988 -1.18760222888798 -6.81557463146154 -4.44037017368558
1.27154458776082 1.43331079822701 6.84302157020269 3.97639997374866
-0.775436506806508 -1.24768204059708 -5.29391913540426 -2.7985550542101
-0.914646390719384 -1.34721065358294 -5.87092474218757 -3.1765034350217
-0.314714998336762 -0.819787221178945 -3.08879166021036 -1.44921721785247
-0.520464782378053 -1.54205482679014 -5.66709404512654 -2.58298439154625
-1.68499378245298 0.941405441107346 -0.545771241583914 -2.42858212379861
-1.48915186432092 -0.182787710891712 -3.52666686131698 -3.16109143953355
1.48341004531629 0.285241526482342 3.8225446700796 3.25206161711491
-0.678463552473453 1.26536819776183 2.43917748833859 -0.0915589071850731
-0.782506629696632 -1.54509104697055 -6.20028640030491 -3.11010430636381
-1.64646643548171 0.626611865578712 -1.41309727422728 -2.6663210053847
-1.48457925630599 -1.41279383760076 -7.20754002541428 -4.38195235021275
-0.950374173609689 -0.437432081579573 -3.2130445919581 -2.33818042879895
-0.616903580142542 -1.70985740388505 -6.36337937194023 -2.94366456417013
-0.58436996931424 -0.654278887752601 -3.13157660188628 -1.82301882638108
0.294870135201079 -0.810585562678881 -1.84201641763449 -0.220845292276723
0.439137574512519 -1.37229127242018 -3.23859866823552 -0.494016123395147
-1.27658113432927 0.977595745693532 0.379624968422053 -1.57556652296501
-0.764991731192494 -1.05139502418469 -4.68416853493905 -2.58137848656968
1.06950994961937 1.13680959082666 5.54944867171873 3.27582949006541
-0.563872109546996 -0.800694047545378 -3.52982636173013 -1.92843826663937
-0.899746369432287 -1.00318051109831 -4.80903427215951 -2.80267324996289
-1.60627909541184 0.185149913083627 -2.6571084515728 -3.02740827774005
1.34014710575908 1.24238967987937 6.40746325115628 3.92268389139753
1.07965350294238 -1.04984864953077 -0.990238942707546 1.10945835635399
0.630774153993424 1.39487062979324 5.44616019736657 2.65641893778009
0.344600663848461 -1.432784953349 -3.60915353235007 -0.743583625652075
-0.674323971469119 -0.454696315516677 -2.71273688948827 -1.80334425845492
-0.164963571556418 -1.60357580608102 -5.1406545613559 -1.93350294919386
1.4790439767835 -0.230087203343869 2.26782634353539 2.72800075022313
1.16380181820658 -1.02127397497648 -0.736218288516292 1.30632966143667
-0.825137984974167 -0.641646394851466 -3.57521515450273 -2.2919223647998
0.10268428126832 1.70059111546519 5.30714190893221 1.90595967800183
0.51445482223555 -0.989059879791382 -1.93826999490305 0.0398497646797178
-1.35576902956931 -0.43875719252416 -4.0278096367111 -3.15029525166278
-0.504326500921628 0.495179803207743 0.476886407779972 -0.513473198635514
-1.68373630963067 0.150814704801408 -2.91502850485711 -3.21665791445993
-0.201078711205879 -1.4818748880103 -4.84778208644265 -1.88403231042205
-1.17734062693824 -0.873137439676567 -4.97409357290619 -3.22781869355305
1.56709845359362 -0.465512511539292 1.73765937256936 2.66868439564794
0.0754605936341796 -0.25780362589271 -0.622489690409772 -0.106882438624351
-0.610931953802511 -0.979394225898517 -4.16004658530057 -2.20125813350354
0.945995976477223 -0.270534416809974 1.08038870252452 1.62145753614447
-0.352713032753951 1.23926937778068 3.01238206783415 0.53384331227278
0.418524372729661 -0.594668886433028 -0.946957913839761 0.242379859026295
1.58415740572225 -0.901721564423 0.463150118175496 2.2665932470215
-0.970271682861192 -0.832188647046374 -4.43710930686151 -2.77273201276876
1.32878521453748 0.110788287787403 2.98993529243718 2.76835871686237
1.52555753270584 0.74571047544874 5.28824649175789 3.79682554086041
-1.47972390765617 -1.7090312345051 -8.08654151882765 -4.66847904981744
0.587537732416863 0.10499815547072 1.49006993124589 1.28007362030445
-0.206408829238857 1.04569261704818 2.72426019266683 0.632874958570466
1.35010919266028 -0.25712011418639 1.92885804276139 2.44309827113417
-0.103979570077732 1.21920241403683 3.44964810195503 1.01124327388137
0.0975985278652983 -0.754735083220362 -2.06900819393049 -0.559538027489766
1.70301177681833 0.951955117120697 6.26188890499874 4.35797867075735
-0.696089001723894 -1.20971892735726 -5.02133478551956 -2.60189693080504
-0.580182244679469 -0.879974071846445 -3.80028670489827 -2.04033856120538
-1.19480931422251 0.634049190775109 -0.487471056119698 -1.75556943766992
1.10720696011083 -0.242492145999128 1.48693748222428 1.97192177422253
1.61895791690007 -0.779889262243269 0.898248047070342 2.45802657155688
-0.631712186674212 -0.993911952359002 -4.24516023042543 -2.25733632570743
0.071343759070729 -0.520829398484105 -1.41980067731086 -0.378141880342647
-1.29515086060425 -1.27766298471627 -6.42329067535731 -3.86796470592477
1.47739194524915 -1.64265366539602 -1.97317710568976 1.31213022510228
-1.62519840600048 -1.3005948397862 -7.15218133135956 -4.55099165178716
-1.22404937538353 -1.62653311405788 -7.32769809294069 -4.07463186482493
0.281136101856069 -1.03920272960942 -2.55533598511611 -0.476930525897279
-0.997986569521583 -0.519174423995753 -3.55349641103042 -2.51514756303892
-1.564890345548 -1.26060346432877 -6.9115910840823 -4.39038415542476
-1.35440804789331 -0.436938315931642 -4.01963104358154 -3.14575441171825
1.3484563190933 1.50119852733249 7.20050822018408 4.19811116551909
-1.49452450032558 -0.201557687686735 -3.59372206371136 -3.19060668833789
0.368906384050987 -0.130641288346549 0.345888903062328 0.607171479755426
1.62428104218377 1.42749288603958 7.53104074248627 4.67605497040711
-0.219810345733505 1.33634045242306 3.56940066580216 0.896719760956047
1.0888106727999 -0.375492857851341 1.05114277204578 1.80212848774846
-0.19275786966498 1.33050764341189 3.60600719090571 0.944991904081932
-0.868295072979998 -0.615069308745771 -3.58179807219731 -2.35165945470577
-1.64580252784457 -0.14326020436181 -3.72138566877457 -3.43486526005095
-1.61694541727665 1.71608894890365 1.91437601215764 -1.51780188564966
-1.55518753934033 -0.44648371410555 -4.44982622099731 -3.55685879278621
-0.0852182123801056 -0.0359649850047408 -0.278331379774434 -0.206401409764952
0.167424226880883 1.1719510187124 3.85070150989896 1.50679947247416
-0.422768781544635 -0.47477698303319 -2.26986851218884 -1.32031454612246
0.875139861583311 -0.114634167316986 1.40637722121566 1.63564555584964
1.23295259776669 1.3346956536712 6.46999215654696 3.80060084920457
-0.96607824310152 -1.3597892118639 -6.01152412179473 -3.29194569806694
-1.65374158849416 0.352702093419906 -2.2493768967286 -2.95478108356841
0.523176019158232 -1.27053433094024 -2.76525095450425 -0.224182292623775
-0.341213577346691 -0.670429325190905 -2.6937151302661 -1.35285647988429
0.445753296723915 1.44779634712029 5.2348956348087 2.33930294056812
0.785850749933676 0.0570682762870983 1.74290632872865 1.62876977615445
-0.278139824123004 -1.45991319518802 -4.93601923381006 -2.01619284343403
0.500303565203596 -1.49317268141568 -3.47891091383985 -0.492565551008488
-0.20954575237796 -0.146815443529437 -0.859537835344231 -0.565906948285357
0.163071478775506 1.58952043330552 5.09470425746758 1.91566339085654
-0.502003372303327 -1.01708314397817 -4.05525617654115 -2.02108988858482
-1.19406834608683 -0.554685195887927 -4.05219227983743 -2.94282188806158
-1.42008999368307 0.242302222168111 -2.11327332086181 -2.59787776519803
-0.132764835072127 -1.05935966021839 -3.44360865079942 -1.32488933036264
1.33323341192676 0.72878505138468 4.85282197800756 3.3952518752382
0.81517449996538 -0.309338558899507 0.702333323232239 1.32101044103125
-1.26670240552361 1.01216057743776 0.50307692126607 -1.52124423360946
0.227391645331259 -0.330267408023971 -0.536018933409397 0.124515882638546
1.53265536352957 0.0566536580931256 3.23527170133852 3.12196438515226
0.0141370651816403 -0.47699786166408 -1.40271945462896 -0.4487237313008
-0.913630267044241 0.923521312902668 0.943303404619523 -0.903739221185813
-1.61723501188318 -0.88842696658613 -5.89975092352476 -4.1228969903525
-0.933526035710604 -0.951652824792435 -4.72201054579851 -2.81870489621364
-1.3859164808094 0.878779456036846 -0.135494593508267 -1.89305350558196
1.64528554060289 1.55456071701977 7.9542532322651 4.84513179822555
0.856544682253542 -1.1304284285566 -1.67819592116271 0.582660935950487
-0.283780210804392 -0.184904279557507 -1.1222732602813 -0.75246470116629
1.25749578732163 0.617508848271805 4.36751811945868 3.13250042291507
0.803849971135679 0.997922955885798 4.60146880992875 2.60562289815716
-0.511284365524354 -1.11924032187126 -4.38028969666248 -2.14180905291996
0.835175781938818 -0.249098852303519 0.92305500696708 1.42125271157412
-1.10487499616003 0.951353454112712 0.644310370018078 -1.25839653820735
1.5060725781639 0.303900914674284 3.92384790035065 3.31604607100208
-0.00834398968393717 -0.677403557458206 -2.04889865174249 -0.694091536826081
-0.655960857673123 -1.08868071889424 -4.57796387202895 -2.40060243424048
-1.23575585901775 0.18417372840724 -1.91899053281378 -2.28733798962826
1.17685954626745 -1.50697411493132 -2.16720325225907 0.846744977603575
-1.01221476174108 -0.160148891227132 -2.50487619716357 -2.1845784147093
0.593682295525744 1.44540377314664 5.52357591049141 2.63276836419813
-0.795449437824875 0.711702493542446 0.544208604977589 -0.879196382107304
1.2469098071072 -0.945138374431185 -0.341595509079145 1.54868123978322
0.504744551004549 0.704267964323851 3.12229299498065 1.71375706633295
1.03478483862002 -0.546996053307836 0.428581517316542 1.52257362393221
-0.462114075546968 1.3875174313168 3.23832414285646 0.463289280222862
-1.1748312605911 0.190695111892001 -1.77757718550621 -2.15896740929021
-1.70550960413977 0.0496076282632589 -3.26219632348977 -3.36141158001629
0.951841445171347 0.876265100183778 4.53247819089403 2.77994799052647
-0.0886772214280813 1.52456821492148 4.39635020190828 1.34721377206532
1.32081301337078 0.492192541130571 4.11820365013327 3.13381856787213
1.5080918591901 -1.3243869301869 -0.956977072180494 1.6917967881933
1.18258785734706 1.68620462422378 7.42378958736545 4.0513803389179
0.0113530411696645 -1.57974542431282 -4.71653019059912 -1.55703934197349
1.28680861248513 -0.426558512951117 1.2939416861169 2.14705871201913
0.410944886919295 -0.195563236851947 0.235200063282749 0.626326536986643
-0.372508563289756 -0.945992914513905 -3.58299587012123 -1.69101004109342
-0.515413048367864 -0.109966559744132 -1.36072577596813 -1.14079265647986
-0.754087468022549 -0.0842826425192251 -1.76102286360277 -1.59245757856432
0.745395798906483 -1.65177882898921 -3.46454488915467 -0.160987231176247
0.826917679812887 0.117771537191888 2.00714997120144 1.77160689681766
-0.898638750433629 0.416465798336445 -0.547880105857923 -1.38081170253081
0.654912230464092 0.599237948402172 3.1075383061347 1.90906240933036
-0.627015546239665 -0.364948521440782 -2.34887665680168 -1.61897961392011
-1.19768390613162 -0.800512705660241 -4.79690592924397 -3.19588051792349
0.172962116958989 -0.599255853265717 -1.45184332587917 -0.25333161934774
0.648377252324863 -1.17745731379117 -2.23561743672379 0.119297190858555
-0.0948743390501009 0.616808337084879 1.66067633315444 0.427059658984678
1.03246639440012 -1.31622526661276 -1.88374301103806 0.748707522187468
0.480791922208706 1.52424954317267 5.53433247393541 2.48583338759008
-1.52580920457761 1.4736159518578 1.36922944641819 -1.57800245729741
-1.25866257100554 -1.20997816455648 -6.14725963568053 -3.72730330656756
0.317888853788647 -0.778451328211507 -1.69957627705723 -0.142673620634213
-1.61094617331994 0.0422915371463806 -3.09501773520073 -3.1796008094935
0.628111145107426 -0.0184316970290217 1.20092719912779 1.23779059318583
-1.36568220547143 1.21004956675967 0.898784289336148 -1.52131484418319
-1.62165686299635 -0.380615791771625 -4.38516110130757 -3.62392951776432
1.32217548657799 -0.441110768463879 1.32101866776434 2.2032402046921
-0.683912800253928 -1.05390117843401 -4.52952913580988 -2.42172677894186
-1.416278818954 -0.161083138395279 -3.31580705309383 -2.99364077630327
-0.987827530969872 -0.365510102389045 -3.07218536910688 -2.34116516432879
0.786547249203072 -1.59122974947142 -3.20059475000811 -0.0181352510652744
-0.940505451775799 -0.0729528246133299 -2.09986937739159 -1.95396372816493
-1.46190761964836 1.60718539805552 1.89774095486984 -1.3166298412412
-1.51398894542021 1.22601931926507 0.650080066954788 -1.80195857157535
0.272393775040605 0.246719335541114 1.28494555670455 0.791506885622325
0.704824978766102 -1.68618137342411 -3.64889416274011 -0.276531415891902
-1.35308017958243 1.65704750591021 2.26498215856575 -1.04911285325466
1.21917334350221 0.190353630215488 3.00940757765089 2.62870031721992
0.496114487203883 -1.36946199097466 -3.11615699851621 -0.377233016566892
-0.00988544673497856 -0.87192926937201 -2.63555870158599 -0.891700162841968
1.21107960981585 0.657019966073226 4.39321911785137 3.07917918570492
0.563493695701569 -0.971612810334944 -1.78785103960169 0.155374581068194
-0.604983542022016 0.361525122022246 -0.125391717977295 -0.848441962021786
1.00439281663707 1.32478213430274 5.98313203618235 3.33356776757688
0.465993325675705 -1.44113689982296 -3.39142404811746 -0.509150248471547
-0.674370390277714 0.936274729979345 1.46008340938261 -0.412466050576082
1.27286648169185 0.0362112493608073 2.65436671146611 2.5819442127445
1.5920800801558 -1.00464400018432 0.170228159758646 2.17951616012728
-0.930624600715931 -1.04421790421877 -4.99390291408818 -2.90546710565064
0.340146744516105 -0.46353833717202 -0.710321522483852 0.216755151860189
-0.068576556198174 -0.653037919321663 -2.09626687036134 -0.790191031718011
-0.754892448876418 0.464902637155018 -0.115076986287781 -1.04488226059782
-1.04800311780099 0.748977541899423 0.150926390096286 -1.34702869370256
0.421514985182198 0.024444650379604 0.916363921503208 0.867474620744
1.50492290175648 1.18309060899306 6.55911763049215 4.19293641250603
1.30705070701707 0.78605767691052 4.97227444476571 3.40015909094467
0.18689155388712 0.408923808620039 1.60055453363436 0.782706916394279
0.742588960942016 1.26785393185066 5.288739717436 2.75303185373469
-0.473906236360941 -0.182135539789915 -1.49421909209163 -1.1299480125118
-0.160458206741531 -1.41336499295952 -4.56101139236161 -1.73428140644258
-0.101064372694236 -1.40491679395574 -4.4168791272557 -1.60704553934421
0.101068941128022 -1.21121833526376 -3.43151712353523 -1.00908045300771
-0.144931725692561 -1.59759353167197 -5.08264404640102 -1.88745698305709
0.12291434442135 1.54874384274666 4.89206021708267 1.79457253158936
1.03423093896791 -0.267942359339763 1.26463479991653 1.80051951859606
-0.256198097096828 -0.989001789652855 -3.47940156315222 -1.50139798384651
-0.572533137744529 -0.23144287831499 -1.83939491043403 -1.37650915380405
1.362611530244 0.95694281836117 5.59605151557151 3.68216587884917
0.257758560167758 -1.5249687089462 -4.05938900650309 -1.00945158861069
1.18318602910721 1.21971069420796 6.02550414083829 3.58608275242238
-1.4290523665398 -0.558980464192452 -4.53504612565695 -3.41708519727205
1.17837909243235 0.437207584326877 3.66838093784533 2.79396576919158
-1.44657400690314 0.937885416038956 -0.0794917656894172 -1.95526259776733
-1.57043267192785 -1.10643108784357 -6.46015860738641 -4.24729643169927
-0.135106915668407 0.966920012974198 2.63054620758578 0.696706181637383
1.39816871081781 0.414485701785187 4.03979452699119 3.21082312342081
0.527082153935996 -0.991238427353042 -1.91955097418713 0.0629258805189498
1.3168402423963 -0.701416478396433 0.529431049603293 1.93226400639616
-1.31421155130677 0.901102948577793 0.0748857431198413 -1.72732015403575
-1.24222997740612 -1.58910239295576 -7.25176713367953 -4.07356234776801
-1.23205867000049 -1.59335677636159 -7.24418766908575 -4.05747411636258
0.446302658488441 1.50965667501523 5.42157534202258 2.40226199199211
0.773333315504163 -0.0107474854519965 1.51442417465234 1.53591914555633
-1.6410550109764 1.44065180083149 1.03984538054169 -1.8414582211213
1.69690469660488 -0.94570668838825 0.556689328045009 2.44810270482151
-0.989096161834179 -1.12687534816423 -5.35881836816105 -3.10506767183259
-0.481830929624515 0.288914295050051 -0.0969189740988774 -0.674747564198979
-0.362331972388893 -0.54551235275663 -2.36120100304768 -1.27017629753442
0.777976271348261 -1.50411941545997 -2.95640570368338 0.0518331272365566
-0.890908398834893 1.29189796063946 2.09387708424858 -0.48991883703033
1.65478183540665 -1.50095738654265 -1.19330848881466 1.80860628427065
-0.234468872787042 1.64332584699155 4.46103979540056 1.17438810141747
-1.06267475173236 1.54125470546873 2.49841461294147 -0.584094797995992
-0.788286852731395 -0.406852737019394 -2.79713191652097 -1.98342644248218
-1.57512874064113 0.0344380699043099 -3.04694327156934 -3.11581941137796
-1.63050324456971 1.53052020549255 1.33055412733822 -1.73048628364688
1.67505924377195 1.16274290523553 6.83834720325049 4.51286139277942
1.27625664864845 -0.780745859624105 0.210275718424586 1.77176743767279
-1.30448654113551 0.956738963356649 0.261243807798933 -1.65223411891436
-1.16132064903936 -1.02532177618042 -5.39860662661996 -3.34796307425913
-1.05328703324874 -1.13393663150359 -5.50838396100826 -3.24051069800107
0.417759302321808 -0.823618223110632 -1.63533606468828 0.0119003815329831
1.48328623166563 -0.185177757613995 2.41103919048927 2.78139470571726
-1.31083181004293 0.986101676099753 0.336641408213394 -1.63556194398611
-0.506080925533813 0.502016320870897 0.493887111545064 -0.51014553019673
-0.601219018230614 -0.895651541731686 -3.88939266165629 -2.09808957819291
-1.09110886398826 -0.00943617155140471 -2.21052624263074 -2.19165389952793
-0.095303732956231 0.339542185488224 0.82801909055221 0.148934719575762
-1.32684403617798 -0.814970353713288 -5.09859913349583 -3.46865842606925
1.61253306074183 -0.390458626635335 2.05369024157765 2.83460749484832
1.22024321088117 -1.37073067150514 -1.67170559275307 1.0697557502572
0.9058420875506 0.35963520081266 2.89058977753918 2.17131937591386
-0.101543455325844 1.61539036410412 4.64308418166067 1.41230345345243
1.47270476346176 0.139514048819397 3.3639516733817 3.08492357574291
-0.806638332012773 -0.978147075055951 -4.5477178891934 -2.5914237390815
0.774638602531899 1.18876856881528 5.11558291150965 2.73804577387908
-0.910992751690479 1.38720890872205 2.3396412227852 -0.434776594658906
-1.11945399957962 0.683977405972462 -0.186975781241845 -1.55493059318677
-0.386288585531596 1.22625484034726 2.90618734997859 0.453677669284067
0.695538027173947 0.00729813301383748 1.41297045338941 1.39837418736173
-1.47635118728591 0.131895071875557 -2.55701715894516 -2.82080730269627
0.857939617215413 -0.753268409485418 -0.543925994025427 0.962610824945408
0.304849128474517 1.36087704759331 4.69232939972896 1.97057530454234
0.472723723156404 0.0887163502711632 1.2115964971263 1.03416379658397
0.392610956184758 0.599935125937416 2.58502729018176 1.38515703830693
1.32730322685644 -1.69178238241402 -2.42074069352919 0.962824071298851
-0.424720877194482 0.101260083813609 -0.545661502948136 -0.748181670575354
0.558043239075124 -0.131682600702426 0.721038676042969 0.984403877447821
-1.63621489954178 -0.262745693728712 -4.06066688026969 -3.53517549281226
0.8877787017459 0.322152504269413 2.74201491630004 2.09770990776121
-1.56297877496296 -0.221825773237895 -3.79143486963961 -3.34778332316382
1.09644545391684 -1.19129049628498 -1.38098058102127 1.0016004115487
-1.37654861069511 -0.441156633654753 -4.07656712235448 -3.19425385504498
-0.204817089514163 -1.02249777273361 -3.47712749722917 -1.43213195176194
-0.161409432058651 -1.32002471196381 -4.28289300000873 -1.64284357608111
1.4205686292799 0.449003682583936 4.1881483063116 3.29014094114373
1.21990091113101 -1.55634536634157 -2.22923427676268 0.883456455920461
-1.250793326156 0.61911608864447 -0.644238386378592 -1.88247056366753
-1.57212392302054 1.42244656531012 1.12309184988928 -1.72180128073096
1.16972404976867 1.68814509087171 7.40388337215247 4.02759319040904
1.07889117318419 -1.42388735555264 -2.11387972028952 0.733894990815753
-0.597614251239383 0.292629291390012 -0.317340628308729 -0.902599211088754
1.33213386174515 0.139788233569213 3.08363242419795 2.80405595705952
1.62735827830377 -0.100266015014402 2.95391851156434 3.15445054159315
-0.312156171477516 -0.0948873449848717 -0.908974377909647 -0.719199687939903
0.257016761765013 1.58982992048698 5.28352328499096 2.103863444017
-0.0536213184687384 -0.885556836644936 -2.76391314687228 -0.992799473582412
-0.498945741152489 1.19814999924415 2.59655851542747 0.200258516939172
-0.887646900233258 0.0605150224222674 -1.59374873319971 -1.71477877804425
-0.832563747777619 -0.862302169875578 -4.25203400518197 -2.52742966543082
-0.660217564465651 1.50375224921339 3.19082161870885 0.183317120282082
0.243568560035259 -1.21849600702155 -3.16835090099413 -0.73135888695103
0.498530966635126 -0.437500985108156 -0.315441022054216 0.559560948162096
-0.553297030208039 -1.15883535527675 -4.58310012624634 -2.26542941569283
-1.05445626248551 -1.63393199435815 -7.01070850804545 -3.74284451932916
1.71182790336773 -0.167461781580631 2.92127046199356 3.25619402515482
0.571601536435127 -1.40904841435673 -3.08394217019994 -0.265845341486477
0.301535220450766 -0.0742793794415191 0.380232302576974 0.528791061460013
-1.02765306047211 -1.13376329997599 -5.4565960208722 -3.18906942092022
-0.9963431846109 0.735985765247127 0.215270926519582 -1.25670060397467
0.0367318581587545 0.191351174357776 0.647517239390836 0.264814890675285
-0.194712940960774 0.256783289529883 0.380923986668103 -0.132642592391664
-0.963035712486298 -0.970221433382208 -4.83673572511922 -2.8962928583548
1.6814231162907 1.54939103482786 8.01101933706498 4.91223726740926
-0.164800297679842 1.15731523396017 3.14234510652084 0.827714638600489
0.909430032593178 -0.348794423286214 0.772476795327713 1.47006564190014
-1.19132365446209 0.0831836473429254 -2.1330963668954 -2.29946366158125
1.56464653425051 1.60315328249881 7.93875291599745 4.73244635099983
0.00761350056454517 1.44038075266241 4.33636925911631 1.4556077537915
-1.05930732785135 0.960294117074854 0.76226769552186 -1.15832053862785
0.594998122248336 1.09034543384908 4.46103254604393 2.28034167834576
1.08831976922463 0.38135153751907 3.32069415100646 2.55799107596832
-0.169845653871993 -1.65911251059749 -5.31702883953647 -1.99880381834148
1.52342546858381 0.10096395834206 3.3497428121938 3.14781489550968
-0.717875915494964 0.556700383835951 0.234349320517926 -0.879051447153976
-0.801643442397541 -1.4983184311616 -6.09824217827988 -3.10160531595668
-0.334161383667343 -1.11875136029166 -4.02457684820965 -1.78707412762634
