-0.27016962248741 0.381358430785315
-0.0383693238798582 0.660895663280256
0.476176477234498 -0.119372008726671
-0.545537644909596 -0.491757358850056
-0.264882999221996 0.275646318383351
-0.0395700607971017 0.0319115975457468
0.507584070905355 -0.308355099925212
0.752507516504066 0.0894848254536314
-0.402936470916698 -1.00943199293503
0.171522432055979 -0.395243112772563
0.556118389379566 2.10005605596895
1.01365285512491 0.789919199638468
0.329117419172911 0.67174371082753
-0.210870130649246 0.179895057521568
-0.39304526280639 -0.877249263480337
0.376083254774331 -0.363614051551461
0.147563991826743 -0.514178280141341
-0.620031564974246 -0.485264862544316
0.365456935421886 -0.331454382307575
-0.339770340988648 -0.126092678222163
0.251255193795249 0.409695515321286
-0.174988755180209 -0.51919032151257
-0.726913391777123 -1.16735320940817
0.548581787959133 -0.491568913563106
0.361333132292644 0.150625412615261
-0.316850104854862 0.0484178626890716
0.43512502669953 0.416040173465953
0.485945096265111 0.554964398742383
0.226437741962936 -0.815070723314377
1.86840210891097 2.88084097631664
0.665674732575433 1.89643966390363
-0.0102910663889903 0.165581777793948
-0.779528788394022 -1.7110614347741
-1.31141470668408 -2.66695276954684
-0.765327147618806 -0.841225361178138
-0.0467041837338999 -0.540978600282173
0.0129468242160266 0.0508886173831366
-1.90536773511009 -1.35757372152363
0.111263951733227 -0.314519475628224
0.340881066260267 0.778094711764225
0.124686749362664 -0.649945526656512
0.606871268776029 1.11141877406054
-0.73651831876943 0.365476001283415
0.378638385000787 0.683235572933389
-0.622102172960539 -0.922654941434188
-0.386377426848044 0.718057278312987
0.763700742651208 1.19974061456425
0.101096420878275 -0.138225978398192
-0.432852954768354 -1.72953438568319
0.61983908571999 -0.51010036218918
0.375974350553395 0.668393602861813
-0.447581217925309 -0.0151225420113028
0.0865045727986601 -0.05962393645982
1.11761360532281 -0.305054272330042
0.125668567286146 0.394035639298153
-1.33404257574822 -2.17944003720468
0.562688830086406 0.411509436633356
1.63194661704203 0.526929574404054
1.20765472984648 0.289193129906994
0.119106344232132 0.0662184576872449
-0.578078352027122 -0.0865965676785132
0.695764261749271 1.30991115234122
-0.581091367572905 -0.347368609433042
1.22348452254448 2.06778242864331
-0.05517565562313 0.643381203459972
0.980094418148703 -0.197765650344487
0.0468222259146063 -0.0495354034000594
-0.692332741415906 -0.861496364614325
-0.514519943469435 -0.451339391384792
-0.0943073708072236 -0.808173252043113
0.40925791080345 -0.481485065342967
0.790399014746298 1.25530068770133
-0.592113436344448 0.26338911406369
0.264381044905499 -0.10140117088987
0.11636174219539 0.434476314560991
0.597092943419037 2.83064854375401
-0.505014002909678 -0.886077368845539
0.101271577050482 0.269626263094141
0.255085835694426 0.984798950372679
-0.041472749262789 -0.918195591535746
-1.02700989070006 -1.46259438346607
1.08361018144055 -1.17257247960502
0.447584281974253 0.920397165849231
0.0411797252949093 0.43982440037373
-0.295685646943851 0.0361383307621716
-0.430862035087471 -0.257543533380052
-0.441672942037269 -0.0350771210608524
-0.431989076736251 -0.353487626643969
1.25251819870804 1.33476620929549
0.760646479758166 -0.484495927429686
-1.10424920290973 -0.864385960643957
-0.0711383344588357 0.00422484152513135
0.844185053958331 -0.445918896356858
0.691831600674427 1.69164517397201
-0.580034825670906 -0.351550378427016
-0.306408688291214 0.931493384117059
-0.631345409986269 -0.765158987970498
-0.591402410184475 -2.07400935931245
-0.122891887298947 -1.5253013970047
-0.292202409168846 1.01916746062721
-0.0969060450618032 -0.23166858574018
-0.153486550962137 -0.0958631187107949
-0.129452343447 -0.0330530118219142
0.22225124798261 -0.159320358089135
0.120561415375587 -0.320442209519096
-0.248015642406925 -0.560377686069325
-0.0599618398807074 0.0109642087052242
-1.34711163131679 -0.303566186369491
0.157819032516462 -0.0501644076592477
0.779483237977063 0.0702184918859077
0.414907756148111 -0.373721869047608
0.491465785382906 0.151279463879706
-0.416180473460258 -1.03636667550339
0.118034990760314 -0.177429169532551
-0.984707922287837 -2.1093945297762
-0.0413165752227274 -0.0969513784820004
-0.435039057820963 -0.253847188924718
0.664088663540018 -0.273650061618701
-0.0911359383103244 0.409536079447971
-1.31989549998469 -0.512231077276866
-0.124207112248654 -0.354058674490593
-0.204728826880829 -1.04970042756058
-0.297837393358215 -0.303206723620639
0.378062502522279 -0.108031165190933
-0.563525785093611 -0.0938876186027171
0.420924147693113 0.3660796941566
-0.656501840136456 -0.935150100975992
0.0710503061165124 -0.205726170222853
0.561617487111593 -1.17873029806958
0.266731330399408 0.794112171128711
-0.758082831343472 -0.0188880333141736
0.16012151990534 0.406886659637547
0.204024902948554 -0.586380144554449
0.00167036318944225 0.166818868082758
1.11203451129526 1.62163786949136
-0.723420910780463 -0.148448327844643
-1.05331445142418 0.343561511739007
-0.648072451120612 -0.406770198109954
0.76042178229219 0.369667127237084
0.805078307643153 0.451733546037631
0.218283025158251 0.0613611035638439
-0.0881554018305071 -0.251869789012902
-0.892713644732959 -1.65390829447351
-0.385915908358762 -0.409761205023543
-1.03023490880965 0.199932935480478
-0.167622199924582 0.457356469280703
-0.616078055641166 -1.0222829322975
-0.233349480293737 -0.334640878442924
-0.750032327292626 0.465087899267139
-0.278426501737802 -0.1731984464168
-0.533643344021271 -0.371996250366302
-2.11477908220016 -0.0481696025476341
-0.432211499196775 -0.466825070245737
0.522609098511746 0.328591330995145
-0.560339252045531 0.321260180825339
2.05046370710884 3.61327758626798
0.715274806398964 1.18041053160415
-0.521897583030059 -0.821261289929797
0.388629780154744 0.770736456295868
-1.23783965263465 -1.34758202166827
0.415529343727512 0.465653822306197
0.874434850258422 0.684896174060416
0.164994638540228 -0.354974795835282
-1.38964578855806 -2.95393390489711
-0.0810742182641832 -0.215922305534604
-0.318802141406516 -0.476656699186482
0.178240989766147 -0.0215539245512708
-0.282835509776654 -0.553305460814668
0.872991368945078 -0.152570866208005
0.481592218852344 0.585480640007201
1.16714539113056 1.1696654619759
-1.30908955538985 1.13158603835247
0.524701885253156 1.00048200297478
-0.0588242966231277 0.198925804955703
1.45303399401283 1.01005196363807
-0.429295520109529 -0.39004731486827
-0.417914869635112 -0.70391052681176
-0.183622526525013 -0.874833525410146
-0.195708627509253 -0.637930378361751
0.14708957278529 0.0258069804572105
-0.736142497044322 -0.584164738042476
-0.129647506710825 0.882314341786235
-1.08939915613027 -0.58388973679062
-0.0484340205086375 -0.663948319230695
0.0685413846663636 0.169079789205804
0.000669679735361611 -0.51715515969485
1.43705965695123 0.454020724049089
-0.713312737452188 0.165355520933633
0.0355009157844991 -0.146287296213218
0.211194750150577 0.32167243013893
0.0692281891514111 -0.645785484336833
-1.12890921462623 0.47229547113189
0.536380172516885 1.90527044253127
-0.363311231435785 0.054881557575409
-0.0887056001368376 -0.412143820121034
0.865683947170599 -0.402586633560981
1.52013042294386 0.34789940139942
-0.307885273444691 0.554638989377374
0.617470613452132 1.10049668559504
0.139782352606709 0.214032898357382
-0.566417878576575 1.01800460705211
-0.0451819646460817 0.59901578292744
0.145195270187158 -0.62520584414787
0.253783701330751 0.162063056522176
-0.254831648464952 -0.920707921687411
-0.25307300499262 -0.481106508547724
0.0655843183995735 -0.664021208641304
-0.348417197726307 -0.189940152058633
-1.89539836306045 -1.66259759201354
-0.874062597287714 -0.34704136584838
0.755398490566649 0.111134757595467
-0.584526511754066 -1.1543174401117
-0.0164339967836169 0.0753757714081802
-0.379518320562975 -0.364463910996323
0.553455127688126 -0.840207850236899
0.00362127459986261 -0.978668897309023
0.319568859794596 -0.272329140271425
0.114906046133813 0.172204188327809
0.132339920383784 1.05757851980689
-0.340687358040247 -0.431643883587304
1.21231762606882 -0.684828833062895
-0.746844695530325 -0.557822643967807
-0.234361511742973 1.79082088340906
0.0474748853710326 -0.0497217069530865
-0.144171813732137 -0.165427673769183
-0.334428419986087 -1.44410709947636
0.169194040142455 1.96547575225053
-0.557812650886193 -0.779657891964164
0.88179773292926 -1.36946011122367
1.51474877401594 1.37777727122621
0.476247349220968 -0.960853181806109
0.161985367902949 0.109432649620283
-0.966273249088667 -2.18697833284823
-0.176898450194347 -0.363460295008948
-0.0232989891435748 0.0367450607504091
0.0395371168063288 0.860932682070529
0.218181204699466 -0.435417636669366
0.397313646330289 0.662846672987719
-0.897868881389956 -1.3356804580863
0.00576305150913992 -1.12073213723828
0.238794740777122 0.611390176706279
-0.491982769965268 -0.360434119645778
0.504501155607881 0.365210150209384
-0.119489094149639 -0.21257941337309
0.428762087645403 0.320170051878724
-0.326117688116029 0.299615670794175
0.205814505650454 0.198976352235942
0.745972829206102 0.867535147868094
0.0550997525695571 -0.225101390862157
-0.117691287620437 0.297833216960461
-1.53717215394052 0.830362832349772
0.612331878087974 1.00405422095018
0.707287573296674 0.756325872553882
-0.14848210260866 -0.267489547282682
1.4058837931848 2.51255556722649
1.05145568080979 -0.293356134304214
-0.212569870041796 -0.949720902448827
1.08416417012096 1.20026185968773
0.806712851747121 -0.0326679209924106
-1.10927113804013 0.939633426495723
0.698350278517747 0.623306518782699
-0.146420185664287 0.0776483149190742
0.128798918482394 -0.177235405300858
0.419232211093755 -0.292917882970608
0.0599552104641122 -0.202627686560375
-0.686343908975628 -1.26769527431702
-0.0264881641928727 -0.136317610273188
-0.362472256803105 -0.222564505605404
0.0246987798487119 -0.481402180654295
0.294981978904821 -0.73168271092888
-0.359551644971762 -0.409157889467256
1.046295538721 -0.452236903409005
0.453244132103905 1.02509797494772
-0.610216622091223 -0.764007954230367
-0.413324612044706 0.306874819412899
0.290258885153768 -1.24245733186599
0.837405036195684 1.19196290593599
0.149466486138627 -0.150108818563382
-2.3434281309525 -2.28444995772268
0.256427432844375 -0.182996735755313
0.652929180484798 0.767131507140517
-0.140646737556951 0.123683249369525
0.857552182126208 1.46554589696738
0.038206255820857 0.0451106941759643
-0.254575462852034 0.758367600581301
1.43404372419761 1.22660702058295
-0.515323646138506 0.230592824371426
0.359612806729212 2.72083000393188
1.39045591725648 0.889598388648078
1.02298752495707 1.71538901651001
0.724040550294173 0.989850246778069
0.703357849612228 0.73020165010808
0.333087952065431 -0.131482657415828
-0.147337826440227 -0.424878495894488
-0.430301163159414 -0.514732202240274
0.720249504540271 0.70244045302244
0.279372710457982 0.72806309484766
-0.906401862917274 -3.43369407919768
-0.030694621990359 -0.343117484750791
-0.624813946959287 -0.0259460594519587
-0.619393546410666 -1.13831049569815
-0.0240342602379884 -0.45989908260119
-0.666693518504548 -1.58871435205363
-0.236279558839105 -0.269742830380534
-0.433831830453386 -0.046987549833868
0.386719669027552 -0.180696265915586
-0.672568680143013 -0.00819468285228742
-0.087164849817321 -1.12545213605357
-1.04391601940311 -1.01077455604742
-0.547584865433506 0.492827305360994
0.00459868340191616 0.0618859896903615
1.96993285870013 0.718531006141461
-0.336108209312355 -0.161427040845977
-0.849690484116903 -0.472037133725027
0.355209064598788 0.472971726632299
-0.433139669600693 0.0352109488054081
0.235098706099782 0.194760777117701
-0.502323681224045 0.161341826454908
0.803795399098825 -0.810164561488251
0.407471236096519 0.524662062936854
-0.898549651041209 0.104259157558175
0.13701412733224 -0.158065349748183
2.02151931294376 3.38311176540713
-0.923254729580596 -0.20165888100168
-0.266889016831038 0.252105743695149
-0.674983614608277 -0.239208132535192
-0.387810771542585 0.507063988952529
-0.0780799926416841 1.14804074424169
-0.288083117965772 -0.051589288317708
0.286950854938678 -0.33161787222538
-0.159166573435081 -0.391056516593181
0.487200948494735 0.308209366868878
0.0650944436642318 -1.12792379258013
1.22148739306573 -0.490168936806851
-0.624442401514618 -0.274921744359056
0.297497108360321 -0.58123940169759
-0.0964003113744504 -0.434851958960974
1.32266235152045 -0.539556863432355
0.153984189921461 -0.18214947648443
1.18547121313764 1.09798428124752
0.576779169419424 0.979357011238148
-0.0966938738825474 -1.12386523865767
-0.797946100687924 -0.444899559113979
0.105754630176192 0.322268919419246
-0.182018342093978 0.338420863604905
-0.311654229530674 -0.800207143504884
-0.203440789446556 0.445394277071707
-0.339552093998296 -0.0856596279124776
-0.662667695442915 0.218847820960726
0.299522778868356 0.546932511469143
-0.144659719466084 0.415775093278871
0.685519097438402 -0.286945573852971
-0.549038789547297 -0.802561706518951
0.397216850294343 1.83939903628242
0.0935597990845616 0.154975748647781
-0.0580277408702506 0.804592980087497
-0.702047060371017 -0.661075757918629
0.860437049439697 0.903884329779527
0.0655558201776126 0.594552447500254
-0.2005688908903 -0.299771740188778
1.3402537429581 1.19790271969286
-0.0908926592152668 -0.143108183445242
-0.399501259020612 -0.284221686515868
0.6739488918298 0.332612778102646
0.556339572660802 -0.892964290973134
-0.804155840171252 -1.46729468776903
-0.0960536457117309 -0.348153342744707
1.54258539160603 1.45249009437642
0.0195050383823279 0.112639941623377
-0.432287742629216 -0.883926198902994
-0.0773202680485984 0.598142831613633
0.175140521677643 -0.22430509758443
-0.731624307323753 -0.367395611608857
-0.0737176445240175 -0.154570350963888
-1.68030445235318 1.66963540262201
0.32384263331037 1.14216979321401
0.423461531637367 1.19102823593281
0.0981805974980108 -0.0220219160992863
1.72570147558073 1.79036102312303
0.50242021436267 0.553720463001978
-0.331555546506703 -0.00487572126048569
-1.04744529426548 -0.307025469008618
-1.35252054318694 -0.717940046093602
0.509848740344387 0.97192934810412
0.00494348669018122 0.0396587438920384
-0.385121863656514 0.0526845943187317
-0.599343854575415 -1.1166858232694
-1.16251690527885 -2.39555398415476
-0.390708578577667 0.564422340365301
-0.062182273671318 -0.408408083364179
0.28320276346639 0.63732637259777
0.0841786266189862 -0.18158297359985
-1.01251976522766 -0.368439146357307
0.182131060591515 -0.0248001921655711
-0.159189088364496 0.564619539895509
0.406859351066714 0.415826759997563
-0.816764465503614 -1.26768057320431
-0.496867790305336 1.36232221408892
-1.4660179285788 -0.460452295893429
-0.367742216238992 -0.267670052925769
0.0662167776111227 0.843810283096786
0.278806380661406 -0.197804073098544
1.49390770543604 2.5529940644186
-1.04347583666596 -1.39699856893352
-0.491628217948828 -0.77474101789979
-0.986687186393732 -1.60364081127149
-0.0243626687331059 1.70233391713878
0.357345000149409 -0.391276636227023
0.00510660583659776 0.0604175257580675
-0.0506949388684887 -0.120259030837916
0.0272224311563392 -0.170880765248397
-0.505852369592461 0.650983458227568
-0.565113196903138 -0.730060195737922
-0.213491337397865 -0.583124743485879
-0.0837447488822223 -0.31202433934002
1.1633416450713 1.22363922643365
0.37138703471897 0.855576515144337
-0.117844433941577 -0.143704969975026
-0.968953957993333 -0.792832306418644
0.467879669878851 0.850296518096258
0.430150400963931 -0.523378158555029
-0.0361593504462354 1.44931762407594
-0.940765087959885 -1.6965219811406
0.445866144484356 0.668828675327861
-1.07499039059025 0.398178839286595
0.806807668355305 0.432881120207793
-0.473098287853026 -0.175514009951261
-0.224547234314757 0.016993016055209
0.678616354775389 -0.0783925870195995
-0.277590378159814 0.332361404441512
-0.0674471591927904 0.115638033669397
0.165749569142256 -0.853293610583532
-0.254775187702963 0.186649120490813
-0.205753482116223 -0.201921415564188
-1.9548332185919 1.75879250832441
-0.0872044000790881 0.339181056747122
-0.957738222562909 -0.626118825338907
0.100559322838555 -1.11062807560143
-0.0156038605965663 0.172887527705139
-0.0430032240515693 0.184475756228976
-0.425612490835097 -0.16681578694252
-0.396349823136948 -0.728538578286174
0.489089809802975 0.499818046881038
0.427338524312077 -0.0525944385541626
-1.09967040285505 -1.43595823223015
-1.44177594939214 -2.00735143686205
0.48982541972661 -0.845564559251473
0.399240049693189 2.22917948900317
-0.65804620667163 -1.13145343368883
0.164320694228758 0.577400885729249
0.15018810491251 0.219107642262665
-1.66854334668969 -0.663931456644769
2.45013584640892 1.83297673032406
0.590521695517794 -0.761220976367307
0.181498376269579 0.206002269775699
-0.377701681668118 0.416345837715466
0.300404731044319 -0.847698192227838
0.803285938600112 0.112240268104943
0.721516738708841 0.403725981508097
-0.735884304369282 0.0148184371847055
0.00226082119143123 0.0250017502590671
0.436410979776074 0.987364109412119
-0.345974987068105 0.648149986453191
-0.687106560827403 0.298873770043409
0.513910165721645 -0.431825496376009
-0.369351231939616 -0.272571660100055
-0.147924110509491 0.180455650548824
0.12962026789902 -0.0737623844821358
-0.0700120608986699 0.298196535797061
0.258354668246063 0.500371994191053
-0.50101924804827 -0.125829270036313
-0.0355421621937603 0.674161235841894
0.412514071474036 1.92197350942653
0.183915004917529 -0.0902220896027192
1.30574336699066 -1.04615012312187
0.682265764571985 -0.111708228606176
-0.0225027740230495 -0.143243606933048
-0.119421243452091 -1.06972464483046
1.25275248117186 1.72429469999036
-0.800068012942522 -0.59504600081624
-0.486954726466154 -0.453453469148386
-0.0903290299956728 0.250756364120634
-0.912687681828828 0.0937447155584383
0.981964462706803 1.74593214107261
-0.660684406544416 -1.05068303451948
0.492940582855739 -0.24554899151761
-1.2118788392381 -0.289087409107252
0.395828180268036 0.0455082892167556
-1.13027373358992 -1.30285911329331
1.22150378402937 -0.164866128627426
0.199813873529752 0.171481868930199
-0.236879319977478 -0.0938947241182213
0.173421386820605 0.0827212085643473
0.188931545815658 0.47088555768493
-0.644338886135123 -0.88954177753513
-0.277418131167014 0.00114653805978221
-0.667156542838374 -0.04057325834382
-0.260505946843117 0.747671965206744
-1.00765467217134 -1.85717481552846
-0.310071739035638 0.104569698629697
0.0312059368579163 0.0527102608877123
0.340261956028622 0.428045872260431
-0.369867475015917 0.258254866837873
-0.416583501049858 0.542277482043113
1.52979585864657 2.81059112392161
-0.202458107482847 -0.440661603329996
0.677486550837137 0.893110618252673
1.40087258728945 2.63770560870473
-0.955050619544851 1.1115292347872
-0.0674426030543457 1.00020521018782
-0.0592757462425977 -0.433669848137803
0.335074405293048 -0.0146757580924168
-0.26567453448311 -0.552300199623736
-1.16095893800648 -0.64510338936772
-0.185351197995349 0.0691135830395604
-0.660226867429854 -1.47070629355199
0.412182845379918 -1.03109004903014
-0.569098753913509 -0.724087702925111
-0.206132575632387 0.361829942214727
0.314887359478272 -0.444160063851451
0.209345828430297 1.21250966699511
0.495044055061228 0.630284217704776
-0.560727832850378 -1.01412294675524
-1.06276838289873 -1.18452427906106
-0.0962201183971816 0.830259809663833
0.974088287723337 1.54771871663189
-0.527842592142685 -0.452953101713352
-0.781551380395723 0.225063497714206
-0.399415798317262 1.08398432262485
-0.623451430913012 0.14079042469049
1.26380806630455 -0.485290579767799
-0.204082889478836 0.0843020676304395
-0.306723214107812 0.147694883689467
0.10266201996592 0.268247964415341
-0.9905571785114 0.0494762036808625
-0.845762804301652 -0.956447147503571
-0.0579953215048489 0.10231950836508
0.896285780321872 0.881837374458087
0.245148431658473 0.173981070920049
-0.247056691020273 -2.02393957857322
-0.331644060425985 -0.355104111493125
0.572136731382294 0.630320690616116
-0.106486988446848 -0.412186562561438
-0.335301716489663 1.28088273786984
-0.766376433565047 -1.47670725625363
-0.901140049161979 -1.31586824809808
0.780892170563424 -0.753405518314667
0.0697049211732032 -0.119520209263565
0.127849633447352 -0.113223040613377
-0.428659589364883 -0.286739721953159
-0.51267379384721 0.60495001953832
0.050014123061886 0.088525167311013
-0.000343494391834079 0.22063291640149
-0.257360349284512 0.294557116182425
-0.408005269416067 -0.439992137236744
-0.792081075524002 0.0355501582369137
0.222916125950698 0.0379639217568143
0.736564626785823 0.147403007327268
-0.362559827518499 -0.450093180612895
1.54040656338834 1.23307237042245
-0.142261623657194 0.827710020698899
-0.173907827665813 -0.307523643102873
-0.159994948638059 -0.0432513794018009
0.103866026222501 -0.300374201816327
0.0552868040395026 0.195574661981029
-2.31544533258893 -1.9606373574971
0.528502935170803 0.750336459612862
-0.304528366670124 -1.12780200208211
0.174671084711293 0.287354106433333
0.180974056902898 0.765920851467113
-0.298856831842582 -1.5703107430741
0.270337434065844 0.152147769936057
-0.0963784431891916 0.256144008132998
0.806217611064827 1.12856080717578
-0.0404240294843568 -0.298699423792326
-0.491612655443541 0.0166831144028952
1.97371175007471 0.667589433167659
-0.0602076248959833 -0.0822279765679559
-0.163782338985865 0.330592733275296
0.0993373450266817 1.07087164015779
0.212600012561915 0.0467774539257047
1.08988260929764 1.68539956455076
-1.01016438517657 -0.24768711022136
0.207562393209821 0.0612539230663013
-0.089017662690433 -0.846758234670891
-0.39473621971564 -0.601914958019452
0.111756219767987 0.780326294038775
-0.346221152522629 -1.59470217685512
0.145339868246322 1.04029157325139
0.361886077580116 0.420884687385902
-0.21120974643624 -0.548238122731256
1.55232000475831 -0.0177406420584999
-0.144261949018151 0.146718723219835
1.90655252631741 2.46538894809991
-0.824443797584855 -0.687163038490483
-0.00684741195594457 0.57154272078175
0.193787792747058 0.0812538858327456
0.400218496322314 0.611597809989472
-0.342046068964787 -0.673431126088208
-0.589876576744361 -0.44570772310849
-0.574862241075249 2.3630442461719
-0.135987648928579 -0.0464031463452454
0.390357406196089 0.775837805083084
0.045900190500834 0.704028735747915
-1.41361800987211 -2.47836078176169
0.12327444353332 -1.22124723664496
-0.372197852390479 -0.399909515480419
-0.199203377195847 -0.548122547616506
1.10230957729476 2.0044928381268
-0.248635421766047 -0.549629198123219
0.342877315845305 0.809793322365016
0.400343214239798 0.114324572870614
0.0858728602087783 0.472881193369682
0.656072283846942 1.33951217266745
0.403219631192704 0.343498506145279
0.122839258825217 0.402040985234726
0.281266880850568 -0.626276176269224
0.5249094694602 1.02156002606862
0.307890430535496 0.348624639515848
0.970394588116363 1.14406654745179
0.0505295658186783 -0.8194920000691
-0.642775225031917 -0.195556247220652
-0.791269381668517 0.0856072134700033
-0.103691323560323 0.329775193809043
0.0778765420988105 0.0662241539901213
-0.223283685711227 -0.605100712034563
0.175284370826436 -0.234066324867166
0.367804270595497 -0.623901979281882
0.687403821301258 0.214202476702847
0.598941492730506 -0.564585322501507
-0.150648627142854 1.02288990661087
0.709484578835094 0.332592381082635
-0.772733784465826 -1.74619187469078
0.170784906531154 0.45454876091555
-0.356558923276535 0.300320927023633
-0.702429106253243 -0.239116443320495
-0.140241920761328 -0.0533278046394646
1.08202915484629 1.69929816247728
0.536281543081632 -0.161423101782322
0.951818495172797 -0.683495115585483
0.984670187317336 0.505869710872824
0.340651893451006 -0.259759456326308
0.394892001721156 0.542958628656521
-0.064175993804048 -0.628707305329623
1.13424559686644 2.59541255194567
0.572632938874282 -0.774732816000519
-0.864931084672696 -1.35871411342223
0.223859263819952 0.457640796080251
-0.831390080780371 0.189071531593698
0.348132867281704 0.376844557574697
-0.350552588346837 -0.203158094242019
-0.710583201048284 -0.566817705803569
-1.27594393517672 -0.789405397017388
1.44080192042422 -0.916510427217068
-0.0813845313146922 -0.437637773769317
0.576459945580872 -0.863885883854589
0.086821375407151 0.0383667131452367
-0.468729360605616 -0.640319860623134
0.143433176283088 0.110601991382827
0.223740146460919 -0.734292257935204
-0.357955136601782 0.353563435811972
-0.0658436825061119 -0.73676130974519
1.04052872431877 1.89216100276376
-0.650588413463115 -0.831501262910392
-0.570874687831545 0.929443253979901
-0.417476747878617 -0.396067050230769
-1.22499603150961 -1.6478360640234
-0.00712348638623593 0.196570623896042
-0.411764727953103 -0.827463537634427
-0.371002391316682 -0.868473000661252
-0.0910120573285219 0.0407618979307839
0.132915533198165 -1.469503662835
-0.631846167983352 -2.02308133888202
-0.294608747839819 0.590364673397559
0.629375193174531 -1.12788317939364
0.139497116374072 -0.0569237126722714
-0.0464702053847877 1.45114773117632
0.11827864085545 0.416452019352611
-0.449238135786846 0.351047389389877
0.84568741917758 3.1236449604841
-0.0554008871050319 0.0302809726365048
-0.283097181255819 -0.0751056020427528
-2.38821166718252 0.309242702136749
-0.19800111349942 0.379007829150617
-1.95375691375216 1.67290507498093
1.18162258654258 -0.947859634091714
-0.376288802380328 -0.26235325335353
-1.18165235711036 -0.0457822079945215
0.436012656029703 -0.260435087058234
-0.253008734923115 -1.39106608821709
-0.409302385244928 -0.140678178779935
-0.7441445937688 -1.30733638588096
-0.329158623897962 0.0229495686187298
-0.342854489724796 -0.340701341536173
0.939372292009972 1.32695700667813
-0.668981870871337 -1.47876823524376
-0.106996498557982 -0.112202143459633
0.711823805487661 0.111830077372434
-0.0665336110473696 -0.159615120894298
-0.0253609484299155 0.723281283137074
0.756765817781097 -0.438466073693894
-0.261066149458724 -0.816165667272698
0.0478682209551847 -0.0640786198564599
-0.694984116717655 -1.26491761555815
-0.230371516947291 1.30490090022724
0.320377525825299 -0.196179476488721
1.24934763765036 -0.50551684943872
-0.102783606217907 -1.80861762448006
-0.877363520299655 0.286616783559869
0.464839628662224 1.2273211769542
-0.0553674088036026 0.130375747563532
0.645912941041272 -0.75255127096352
1.36709840535722 2.17919780831179
-0.725669689043829 -0.404380105052776
-0.105824131037963 -0.992226136487841
0.0645734670062234 0.0415086722740801
1.43019131554541 1.31587546907402
0.860164635867547 -0.282308478717001
2.07685076989383 0.944168412546337
-0.431836963738726 -0.0290010733906517
0.15126428464001 -1.11338799531135
0.0828327644051696 0.785165282253849
-0.1664522001288 0.378291112798443
0.051167373214045 0.0151572724712323
-0.14969885524525 -0.078435828232377
-0.550149789584015 0.442860475292587
0.298955915279492 -0.128531393775858
0.00926599986544201 0.081404418093885
-0.0860095418530564 -1.14006062050959
0.66887969602489 0.673207350883943
-0.510730844234749 -0.662539628808603
-0.455035333477779 0.0221720867124699
1.80917440169527 1.69178169256118
-0.0497627302699681 0.123302292742841
0.843922869323678 -0.239367717089906
0.326622111204538 0.370892247292669
-0.147084340497673 -0.0428184708211867
0.0220538128985702 -0.481933954617353
0.937859452649554 0.0488564117362785
0.888207743625432 0.920278001001828
-0.0110822360489017 0.329022328781037
-0.242998352719266 -0.923914452431225
-0.295774842172965 -0.0421865494362901
0.238343793809013 0.0146832013375252
-1.3865764089217 1.58292692340968
0.125806255017298 0.693448731790965
-0.0558717369731476 0.631459345631136
0.626590806223965 0.663392963891831
-0.915920797389082 -0.162006598530516
0.0900459717460277 0.373176673942224
0.323665592720975 0.327670907583526
1.13295464878215 0.713718116348366
0.331246313002034 0.148680560236004
0.14912589944983 1.58680094953304
-0.585918518573669 0.31086582156361
0.696355482737502 0.912079279859333
0.407532084889008 0.487041792870277
1.63749874298852 0.180754886954968
-0.639670275748903 -0.343732272326518
-1.19358965004985 -0.757738134617266
0.166659493697805 0.311727602165973
-0.917961908318255 0.425678275922559
0.102088201198697 0.0931676900948024
0.116958007673382 -0.124580486641101
0.312796109010981 -0.304266851295675
-0.285897608106661 -0.81185821015279
-0.943071180369046 -1.53368355213556
-0.300459990495787 -0.625964854352075
-0.693752016532543 -2.35589739198374
0.130756370155177 -0.0923218413433028
0.733497022561077 0.456248423283827
-0.61529256777458 -0.561773220634017
0.610245945870259 0.293922126075843
-0.666442539856315 -1.05473741837916
0.382340356795891 0.840310857040951
-0.402832441639678 -0.13181093468106
-0.228478292669936 0.258327925552838
-0.412002016895885 0.738773008464999
-0.639712409931699 0.395820098671262
0.101201785434311 -0.359792180029001
-1.18123913933507 -0.818849241679448
-0.03804819958451 -0.173346978143384
-0.218052918292361 -0.355604950235367
0.262618978248179 -0.014882572034833
0.0987138979716321 0.198326132501648
0.140981784765381 0.773622209300836
-1.59280375394154 -1.06497644314322
-0.330993348572707 0.0606521178392263
-1.64840954200997 0.476043456057674
0.213087187363864 0.172778603488543
0.11341936553845 0.82718391338568
0.272089601981754 -0.314255859111726
1.07842815237538 -0.458880047380348
-0.474092994579566 -0.0861913143285722
0.158274587225362 -0.343291616160704
0.038380196768983 0.63859561334009
0.210592411605186 0.0264477908026183
0.023042078645058 0.140066783945416
-0.060886225833634 -0.0770438632542818
-0.217080548008137 -0.106847456648277
-0.349187478067706 0.0861952916049985
0.710630139867735 0.710579013455744
-0.267523045782047 -0.340220496272639
0.331614462761406 -0.358461291666678
-1.12829297903945 -1.26530877248765
-0.783320891030355 -1.00708529962689
-1.63801901477506 -0.665145982595401
0.24873267081642 -0.0787753179679308
0.303363162464872 0.0184416065877998
0.188883989054651 -0.850825536430662
-0.068972442662486 0.500584611316719
0.201093820912252 0.343539573907236
1.37046291459802 0.585457416486921
0.250462399944062 -0.282305836750421
0.00262155863442903 -0.280328307520678
-1.55882650464688 -0.950933429913728
-0.279973503526259 -0.960028734267558
0.458399060541659 -0.866370138444334
0.249207352000302 0.308634083027878
-0.840430847205048 -1.22171321308471
0.232835185973013 0.504015318869086
-0.519949952345979 0.0867404889151603
-1.61824510509196 0.839202868290027
-0.33594187055579 0.399774808696339
-0.413943278071487 -0.958999044502232
0.30308594899604 -0.301435481590226
0.269420301118044 -0.229022278907846
0.638487234453826 0.885732794701744
-0.129773866368801 1.17297073612772
-0.329363186124888 -0.636718480344702
-1.3224472127349 -0.311552407581915
0.687185381867554 0.654681733490481
-0.593976741225063 -0.441155959972099
-0.645790111547679 -0.863580634090631
0.271696442757606 0.21770765346645
0.665132429008872 0.0374127815690746
0.858070461450598 1.8712211476691
-0.456498719500778 0.0896370297354037
-0.0777972412292617 -0.445087788436404
0.754888179516424 1.25952893663541
0.252470843056508 -0.457772675356163
-0.143657216198586 -0.143550995820215
0.799573885933015 -0.452852735167135
-1.37154727979125 -0.867831818040219
0.341787079596213 0.249600028732478
0.819721587234858 -0.570976049805766
0.845148592648826 0.551957560502484
0.717661350999221 -0.0279581257879404
-0.379544568728908 -0.484922615797672
0.832453844891122 2.07642061027194
-0.645544063963229 -0.754280480602051
-0.331922630939049 0.146981117603378
-0.123280559453505 -0.164770038012502
-0.622340191119279 -1.58624746272299
-0.0660572498923167 -0.206543111097311
-0.0408872602765183 -0.282798933657684
-0.21486771627628 2.07305481099423
-2.35334884189069 -1.10074795712219
-0.128574074845495 -0.520027916991822
0.536687552282578 0.518681281590601
-0.0274412219503042 -0.126319035307026
1.34135149250665 1.40500664326829
-0.926648166434286 -0.317274409175758
0.296920554055513 -0.0472200917064038
0.0171754331190965 -1.47207104359271
-0.141707507520738 0.318105788882207
0.551966400152257 -2.1822405115011
0.181212589305042 0.164224997688404
-0.205264679760131 -0.303103968988257
0.708872383879807 1.01080568627623
-0.149593236766812 -0.652348822584305
-0.198126967074172 -0.389212937312488
0.960981875339339 0.863484249475878
0.617449369652071 0.230579254605525
0.0289309876326403 -1.30551087308605
0.0231146247263576 0.0173408817338172
-0.367944541174306 -0.190580215653365
-0.496947653436485 -0.423688619314226
-0.586362151306355 -0.949943963701363
1.39200382715186 -0.819167921982181
0.0811570183315643 0.164783912593916
0.814062925412157 0.754512273709034
-0.0942727043047682 -0.0169754544128321
-0.348936240595076 -0.298170497743418
0.0232788210545342 0.0807767214769008
-0.166183174930972 1.13302442452521
-0.31768893356985 0.342360046968377
-0.00306978963537348 -0.277800258741127
0.936548403794837 0.982259649845743
0.21031003508323 -0.692553769834102
0.259871935632766 1.16727099252262
0.955635633225294 0.165435983897063
0.24818013478459 -0.476742822967122
-0.948057292260722 -2.049964005586
0.082427205344632 0.534310697485984
0.415312889789332 0.838695211260987
2.10706293757802 3.7831540686673
0.420312481397754 0.247199520243435
-0.383499242337494 -0.732785300134191
-0.134446827939117 0.529263094925017
-0.183841129682884 -0.197200644340626
0.718429904845054 1.40425234764481
-0.0408643943306515 0.00936060326699322
1.24454609321709 1.69215726588042
-0.886883473033864 -1.34957702194618
0.425570477174411 0.573354103739224
-0.332754674766268 -0.178840108130009
-0.0661037840121035 -0.785655831336297
0.48711020960493 0.147905656734583
-1.78336706607867 -2.9554786806966
0.372088579217078 -0.556340549526938
-0.54038138776366 -0.151226810993042
0.277039669653972 0.144106261972802
-0.484377422350909 -1.41398901828806
-0.503671542162546 -1.92882750079056
0.165000743873524 -0.126931984538897
-0.591512235651745 0.6087635628129
-0.332237105459586 -0.202885563974709
1.22828494775083 -1.032110464354
-0.00697499156970932 -0.517185966134987
0.829180187993863 1.19893453483786
0.262573479386895 1.07801770647956
-0.305546396406856 -1.44154232415595
0.229403393568455 -0.486047181937361
-0.021295601576636 -0.6844578584226
-1.12425270449434 -2.12825951546634
1.0949645113498 0.59634072453461
0.977592013501519 0.796031159724957
1.04575990634859 1.84546589553633
0.459525691298761 1.13008990413006
0.412137477963844 -0.662048908679826
0.498109487855649 1.24312971315439
-0.0510297109294476 0.232638857541964
0.308067070072832 -0.298337789523871
-0.134673416929351 -0.0424369137251006
0.55495091874406 -1.65916061516744
-0.438363306747935 -0.611467957881273
0.222931513487312 1.44508298324074
-0.41150612172525 -0.155354752166544
0.863593516867249 -0.937746066838114
0.355121533754838 0.533103939007764
0.0209765017319554 -0.310180574359113
-1.1097125015632 0.702623511751336
-1.08519021772346 -0.18545348525894
-0.143834364043155 -0.0646009041701274
-1.48836070700501 0.456838363575709
-0.759074769427769 -0.744695849880338
-0.175709761673032 -0.314874459490245
0.225094873681679 -0.110058489899184
-0.891956023484139 0.238026808635927
1.36884547209372 0.955410248402818
0.595818981231638 -0.235877191925006
0.0220376541131958 -0.527393733692664
0.129015297085301 -0.17708924589396
0.188726473977512 0.256387092168378
0.683341638742935 -0.417688588883768
0.367384743817448 1.50540369558367
-1.50884326828608 -1.10790907942431
0.346614525339697 -0.565435213563326
-0.526591271940761 -0.438532058829526
-0.94034631817853 0.543135168696256
0.0603602378591566 -0.0706437087863415
-0.173730860697643 -0.518571083991504
0.191916868171432 0.17602108327734
-1.57672634248541 1.10162014626116
-0.285658213296495 -0.364179080624585
0.757879151178685 1.13734787005297
-0.549989740707834 0.135260330251635
0.534226587707873 0.31428759104077
-0.158847880757464 0.104319955450462
-0.00253705408481465 0.165465763023186
0.385750840101058 0.0722528889359171
0.170638307891751 -0.759759259384793
0.675248894634877 1.02693462432446
-0.74151464472683 0.440517884812828
0.0955703276474064 -0.45102560189675
-1.00870404678827 -0.261291594841856
0.494003201200108 0.792207387563628
-2.27237129001992 -4.24487520249658
-0.695698905275559 -1.30202122411018
0.30515899892465 -0.0521819033716098
1.44078386504265 1.77947240951515
0.935791928858834 1.33933156139117
0.403918628299559 1.02833523129152
-1.27234480739107 -1.82008412659816
0.349718400432872 -0.487120484923177
-0.908086818880022 -0.473402667983915
0.215669877513558 -0.155803201204999
-0.825525193189219 0.886080424001419
0.583422688860253 -0.00564865573430023
0.0991552874336005 0.295761413585253
0.263514544404604 -0.243298321548247
-1.25836061533534 -0.891170447441624
-0.513575972451966 0.0600733995151424
0.0317705871137514 -0.257494494786266
0.322380381986366 0.360857597426186
0.650580681219204 1.18260810134939
-0.295665718661687 1.70826021890437
0.234515259017961 0.409544528654839
-0.000930776915253506 0.653723412342991
-1.11610808584711 -2.0698000227945
-0.180359141382773 -0.0151979201087298
0.287099079731953 -0.577224364717359
-0.709885583519853 0.0196057007970514
0.390476966885025 -0.205135198604128
0.381190827267316 0.304362111607078
-0.547791621671778 -1.06570887770844
-0.175617547811508 0.545779301841826
-0.490448854268492 -1.04524774793265
-0.456391039732845 0.113061955336104
0.64143804654068 -0.723402607165004
0.234945392730404 -0.159518825940513
0.70861298288876 1.48361050394106
0.588513553107282 1.0368880217025
-0.625654692503485 0.295834159843739
-0.0819472801156832 0.155514964178796
0.370866074909488 1.18730855605464
0.533670197305085 -0.160748670388403
0.431369285972039 0.15933553133034
-0.474812224867968 0.138145492683447
-1.10316636727895 0.0479819212909811
-0.418448216735124 -0.323697721770001
0.663794272899034 1.05191596325935
0.652278584884118 -0.15929072982202
1.81862926072801 1.94211555652514
-1.66128429991806 0.484986465945055
-0.42663439254882 -0.411410109652341
-0.3159106521264 1.61254389170568
0.307499552969012 0.0230319435585575
0.628765818276175 -0.565205094350864
1.41401300329281 1.44042647521537
-0.00782228044874989 1.19848123610113
0.246510505104807 0.142851666086979
0.87483188706088 -0.121484795203332
0.0122731803821174 0.378949808940941
-0.328058367975035 0.117190787072915
-0.0460245856229793 0.0641247014214888
0.155918512909565 0.188407398499023
0.495207486750888 0.267965112728617
-0.236031079574487 0.33610300858236
-0.953816708965027 -0.422765377671878
-0.278305840360928 -0.449183135912585
-0.351711030768045 0.459075050482776
0.0545188064865089 -0.963197050718575
0.667410816343126 2.35441242033341
0.0110872990970881 0.215727241402107
0.894485774226172 -0.00955423065635791
-0.156915465532566 -0.328619838538856
-0.362961523890552 -0.445091959149915
-0.74974289869255 0.215697604720014
-0.582124382068004 -1.48240615778508
1.29506020590691 -0.9500650242367
-0.243227938999658 0.00253662950053461
-0.930199751239662 0.531565409830014
0.122953555399941 1.92349348110229
-0.13730060436899 -0.390139527243404
-0.400358094037509 0.126628706659988
0.437643322622862 1.76539123435643
-0.802438840297423 -0.976234696610813
1.53855602026731 -1.27578105105049
0.580423224730835 0.0920500346030216
-0.392252195952278 -0.47224610774516
-1.09061700522554 1.17827464294245
-1.15363953193379 -1.42794690523834
-1.16554433849593 -0.971444435732394
-0.0692352202307824 -0.398285253107784
0.47870433043301 1.0202923994407
0.345780825676168 0.04609435584823
-0.457995423279378 -1.52976545962775
0.155060335945285 1.60411190186778
-0.992159769372123 0.272927029239375
0.311962307871613 0.634064262944393
0.43887630915128 -0.670001561958341
-0.552490538131558 0.78189575101605
-0.814154424832364 -0.163917874220945
-0.180324992370016 -0.409050653594652
0.61108881944403 0.944385901692173
-0.310257290532945 0.352698699191848
-0.871835901307186 -1.52375689100515
-0.501855925245105 -0.184912706591969
-0.508320015893942 -1.35348400142969
-0.609361063077758 -0.0291517009522931
-0.263731264629849 -0.32299709319922
0.683116269454869 0.0801315112972101
0.654499401343656 1.8056200901087
0.281809700354479 -0.594751535452765
0.222598306385028 0.0911469881637406
-0.338042139076254 -0.651756141589297
0.995822125102226 0.0766968534149479
0.2837403673254 0.859610082781287
-1.00518419903746 -3.28728005664384
0.162161227703097 -0.280122518405755
-1.04697516055476 -0.540098025662002
0.466301261119583 1.2243475565301
-0.37579307371925 -0.326785123263343
0.0702776051923177 -0.34729490171693
0.17842057236974 0.340822462514402
-0.0302164862370271 -0.11330268992522
0.752367296268913 1.63266043037619
-0.691676912926254 -0.775762166755812
1.28407653888168 -0.133633093637778
-0.750035024464998 0.120404744318635
-0.0195396268629582 -0.778036928194147
-0.749453613244269 0.368206734102037
1.08004623721671 0.932364398958089
-0.222627007113442 -1.43169463977544
-0.245336699081646 -0.604804784789086
0.181551795580549 0.0378299208628934
-0.00875622231890122 0.761991962423265
0.0945776329139556 0.7982787015615
0.940649514052131 0.102203650208618
-0.701882073823614 0.211887760441817
1.18756441590573 0.403224484382438
-0.224602192147908 0.193077065441378
0.829250194543781 1.14297202486221
-0.155260849866044 0.215147551952503
0.342881831034101 -0.197370000451321
1.33415586847016 -0.211804554810999
0.209937725575528 0.508267690189574
-0.667723053431998 -1.42400517984642
-0.959664220023964 -0.881825424722512
0.322854297975857 1.59984551581074
1.36484869112998 1.32997394124444
-0.649704720080023 -1.24568746620492
0.324849790404976 0.249706409804452
-0.133437689844286 0.369820941629397
1.87846933098624 0.575362812230144
-0.50189419235945 -1.01779299286519
0.248501891338212 0.239572742693053
-0.463042321354575 1.3356192828657
-0.311160179621324 -1.56096191646502
-0.701670759071716 0.646786430450543
-0.107425424838611 -0.31630185869713
0.359844814398742 -1.0392660474544
-0.181972536799674 -0.263426501844071
1.12740018066345 0.970025416483918
0.160794078805676 -0.0564728971336275
0.872375266076602 -0.926358001636688
0.18256921518169 0.538800321146422
0.29288514802447 0.249806924592199
0.495228411148775 0.86347701052611
-0.0884712752790698 0.138618757039811
0.226783048676076 0.589181034208001
-0.107842513050028 0.668617989967034
-0.675342125474237 -0.707170051083915
-0.0444933530210492 -0.247511609162581
-0.555793383208813 0.238204013214122
0.604271301226288 0.0583939144650489
-0.10210444854913 0.884307817763214
-0.178727543899772 0.141199462372102
0.208856319652948 0.453453629881665
0.426602109312454 0.303659255335955
0.790160450299655 2.34300879308014
0.224415856309324 0.614715909327142
0.260196595656798 -0.488806182026945
2.09854507841632 2.4957647034825
-0.14745641525201 0.262375446450814
-1.30540194413273 -2.5233060411892
1.43184763947233 1.37978147393417
-0.140930768150515 -0.0236340713125219
-0.0296126730738465 0.254075645614463
-0.559233919117655 0.56915834595157
-1.09281467550817 -1.57731218154625
0.0350381591434501 -0.635699858784124
1.43010779806873 -0.217152693833748
0.625283696495893 0.515479814095786
-0.567254079224297 -1.67112789376992
-0.486860953055921 -1.11552406261662
0.586144872434057 -0.15157816787759
-0.0770735431344186 -0.144748135194829
0.671410273936433 0.803200473899623
0.0147451164754667 0.0476108457526404
0.394682429971834 0.74819983697765
-0.212575222017848 -0.367198635060367
-0.592829742772005 -1.90769484449204
1.55428864486507 -0.892126747381378
-0.0184456751810193 -0.195020409746611
0.83170122889511 2.17299899715244
-0.120825884697512 0.71543645486784
-0.705440234648953 0.431560395192495
0.899642382899704 -0.664034903731119
-0.544488041258159 0.0903686947657096
-0.538844765926548 -1.58104410082498
-0.0111561007312778 0.0109531086179353
0.228482471317054 0.252560636788059
1.04369160579053 1.73384906912904
0.340142371457171 -0.116915306597652
-0.104086486792627 -0.505423944097381
0.0855226123286559 0.640740292752042
-0.511910614925741 -0.452393466528582
2.21755193859544 2.43236763933672
0.536799745054141 -0.992761767681841
-0.203505902933378 0.861020412700305
0.49369638050726 0.908698186247767
-0.898505986877914 -0.476216798270447
-0.589129150643156 0.370469380812652
-0.137119006432409 -0.533034688203754
0.0105847311116699 -0.175701055401778
0.131564214938018 0.444994867081039
0.733663601730941 0.0178854421488012
0.736489472251748 0.909424296721835
0.763995073128982 0.557555196801139
1.85491218837795 1.6198035055332
-0.987891520284712 -1.93099658912861
-0.204959058001967 0.520862810366779
2.7303339989898 2.79373088650388
0.114578633035838 -0.384001123806403
1.70835087102841 -0.462434228628211
0.0842481911194341 -0.0627014638482751
0.456607023886112 -0.139126312651309
0.109614271108876 -0.66656134778319
0.739191066841181 -0.625520629479093
0.16160254276574 -0.625529631130465
-1.90638454928811 -2.6394713239474
-0.310759015726986 -0.640806046789974
0.480049053947079 -0.171890655342052
-0.214305642151954 -0.261163702861289
0.21646356145995 -0.0181666907616076
-1.08209859712367 -0.752973001790228
-0.915722701387948 -0.438875865295745
1.94451566291588 1.31679870736622
-0.960867251107414 0.382798130663436
-0.549484057192064 -0.924411619053227
-0.427596645500841 -0.761965087334592
0.447070562131912 -0.262407245342436
-0.517421734774913 -0.972602505003259
-0.839187510107553 -0.928437193692621
-0.898373015875827 -2.12196527926793
0.504174846371618 0.413434745895969
-0.480839821425032 0.647423124577204
0.516321244079945 0.847697718911481
-0.262234855705407 -0.573451532004727
0.0542714229087377 0.719451211569739
0.46753712523744 -0.54491267252512
-0.370520323560383 -1.01316377892404
-0.732276617637731 -0.57256697958134
0.278744279062293 0.041116227353523
0.343557680665137 0.338482626076763
-0.0470707029470084 0.197777537799979
0.181366322869582 1.01638160717636
-0.621930531079297 -1.17139460603311
-0.100224254208822 0.0845575321075974
-0.377207881030657 0.62007606446631
-0.534733644627578 -0.44628092448308
-0.00614188137620281 0.749642451284344
-0.490082968507768 -1.26629247586004
0.537886139057386 0.97997104886175
1.10315835647601 2.11161034356402
0.114907883929901 -0.221112726531744
-0.666794338501908 -1.15661272798659
-0.0130410215357029 0.314040016682973
-0.0715044417413423 -0.157023861899763
-0.70733475956059 0.708212358723901
0.212549727298171 -0.276877057505689
-1.09430936549713 -1.00695857389547
0.284510460700486 -0.912572724018379
-0.10630006897987 0.318073724880617
-1.03211766381052 0.550920598558668
-0.463427158931996 -0.358419712224604
0.568718399884768 0.893130272838867
0.425525213421653 -0.0594155576509027
-1.04172355795152 0.209995552204763
-0.426837772397449 -0.0790614772580089
-0.210732416197594 0.217898244667552
-2.56513810752639 -3.37487095617474
-0.065831085914067 0.595515500154078
0.0981431205939684 -0.692600610343511
-0.272275277941621 -0.850273404414825
-0.407278673595686 -0.443152928710367
-0.00566283616631091 -0.456030456786211
-0.323749066601974 -1.47940216089805
-0.827643998390454 -0.71854521083375
0.375447476238611 -0.605545663356106
0.513011237737046 1.89464038005169
0.569585527038957 1.15336755774883
-0.244658057574336 -1.15578257483444
0.297057672325737 -0.655913557068839
0.188760098667064 -0.0116484775460667
-0.0332674881514904 0.153864400443585
-0.932399352058439 1.0433875641373
0.397055226255553 0.595842950078134
0.0626253626273025 -0.0198968634217543
0.411144759701568 -0.0296857603608823
-0.173546594406007 -0.1160772244414
-0.0854786359785107 -0.0468965456842795
0.129984373766319 -0.0903841375405799
0.496001357199623 0.373660437060696
-0.523441896607119 -0.261718077691415
-0.34654052834362 0.455463238205295
-0.369364006252904 0.303705417048238
-0.467148387090241 -0.725213538017243
-0.00644048324869617 0.859417648142218
-0.475631345964736 -0.036156452884135
-0.113920507335872 -0.595013365632574
0.537264929421055 1.02628587882515
0.00360004836121947 0.06183290261276
-0.337189280595315 0.125140173572125
-0.279093230334325 -0.330601350003724
-0.647278894004542 1.04613095212122
-1.54324206936071 -2.71443814309982
-0.285923326571114 -2.28367016596212
-0.443389790776351 -0.68519623352636
0.629519296367114 2.41683733915008
-0.529458132133816 -0.367745224449913
0.494203921244885 0.938067383733086
0.578119165026408 -0.116799129380032
-0.377611522770133 -0.444311509464704
0.704603524693319 -0.186031980446714
0.176055544430281 -0.835645305223002
0.0814132901143599 -0.491208143356352
0.335375657522492 1.01328106322029
-2.8865783916298 -3.37729365158545
0.318130243480168 0.152080250050224
-0.847560159668239 0.931668771325599
0.776860531056848 -0.0649696738038911
1.09363224147586 0.487007334857776
-0.0130234991112833 0.356033312701391
0.0777025285852283 -0.0339762226658174
-1.0672552079097 -1.579896692827
0.856452563815916 1.45314333613616
-0.506638606651166 0.345921130533757
-1.03315522429432 -0.220544194314338
-0.901665233165061 0.248607908475405
-0.338281052079641 -0.395255137205432
-0.771602070611754 1.28613288468657
0.32720461688765 -0.473823857611233
-0.300937884477996 -1.03592524350457
-0.484746252557569 -0.645635159810238
0.0276587440465104 0.10593955847605
-0.904057444920187 -2.10633661002587
-0.0191477495061553 0.0564119102709394
-0.560950740914725 -0.391778579377515
-0.404435887319022 -0.749397846242509
0.429782456736444 1.12935853936734
-0.0617368127690405 -0.0840375023195243
0.2550805856077 -0.102529596939177
-0.0416540663353652 -0.428790334848443
0.279816335765678 0.367385128568328
0.451805455151527 -0.585019086664871
0.578708607291893 1.09898358288702
-0.637127948301333 -0.484817486219519
-0.182127137061572 0.765917562165505
0.175564071444289 0.353219269756125
0.28626583140571 0.541232719557443
-1.2657430702945 1.2055263563766
0.640311991859558 1.55930223537089
0.539527368831908 1.25508649966089
0.357495919314723 0.588098626402303
-0.40285243049069 -0.385343479941177
0.534250358539077 -0.688377446837352
-0.467591406835365 0.216045528142596
1.30791165148833 0.60059567326444
-0.0471476064307682 -0.265943447128097
0.075158996459815 0.209365294016794
-0.689937099549746 0.10972705439876
0.240800633301106 0.225125576051154
-0.317727741630609 1.67432693094051
0.0520742506817533 0.0665829125856399
0.773206647140102 -1.03101154975296
-0.00537421609884739 -0.237123828679948
-0.031920305260019 0.192206380329725
0.0302148819680928 0.299882236707152
0.201631804747106 0.0532032618844036
0.329073602369635 0.195299239219436
-0.405022201578184 -0.280038555507378
-0.105274759937613 0.246822567305879
1.40966588364699 -0.960839834191345
0.263524791276841 -0.783627935680955
-0.52576143347283 -0.333597581180334
0.268042159410447 -0.216356919309734
-0.0851349910865704 0.156478136026449
0.0926989718923881 -0.361274829156811
0.295771214751723 0.96004190149248
-0.202525618379465 -0.357484570974223
0.410189082375129 -0.600760317891876
0.040866303488336 0.517508033899677
0.528966726231585 1.09195924746832
-0.0519225503374532 0.761784312816901
0.592711090735565 0.82610017864579
0.356462289986174 -0.292354530222455
-0.126440249089795 0.3363448323306
-0.126596491354002 -0.179434640819824
0.621639968151329 0.400247640250928
-0.0745566730600533 -2.77279771290889
1.31200182534079 -0.31829270394233
-1.10367127568464 -1.71157107955979
0.0336862980674484 0.859741157560322
-0.0176001157516886 0.022627390364426
0.0237233323856524 0.40393689012432
0.373401522033378 0.551408902958594
0.0419128027352324 0.228234995593415
-1.20346378177971 -1.76989600901875
-0.288363264775313 -0.125314716494993
-0.695462963377314 0.259053095771969
0.824238064679022 0.33592513510305
-0.506596233218538 -0.966372739531858
0.556957171296049 0.53080270406886
0.0803288066934128 0.0595597583836588
-0.210165244046792 -0.466344944067732
0.579140092599268 0.763183782986724
0.309570176688777 -0.25741141534565
-0.542527157415353 -0.0804340675114098
-1.25424718094531 -0.273128962244391
-1.49971527338414 0.287492914280083
-0.514076813707068 0.0335113650080922
-0.422594812253321 -1.16769142691626
1.00752454009712 -0.022511430891865
-0.367866673134241 -0.463196261765747
0.413150527556922 -1.18970796877202
-0.665892270425177 -0.462977304588077
0.603777691647873 -2.09792160751507
0.549750900864812 0.101977456457078
-0.00872619003767951 -0.193569718888469
0.238329214511018 0.0577132587423135
-0.0544971034226031 -0.319406289308864
-1.10140437876167 -0.299173959624813
1.55305006055903 -0.44034674544216
1.1189636508812 1.9225539213102
-0.150351852780749 -0.508147810359836
0.845820270672033 0.304895212455038
0.337429746227662 0.688517010895565
0.570647050860794 -0.0947669654408081
0.892939704805396 -1.19027079797752
-0.593940824773584 -1.3027658081549
-0.601703498524375 -0.853747078823564
-0.422738773421533 -0.241102123454772
-0.259867969690811 -0.269157199335901
-0.60730765099961 -0.0787721330465788
0.656371560972886 -0.344988516803938
-0.400993354552661 -0.00427383840661993
-0.392035040207029 -1.09255497109274
-0.151867271821254 -0.99631261162313
-0.258565525683201 0.569914573895717
0.58492484129783 1.80333115371019
0.177575761947566 1.25244601767008
-0.85940883021471 -2.92458744693223
0.00853089542573966 0.119073466854779
-0.697591143806036 -0.715818638825438
-0.235950848862944 0.161209992956036
0.129634742944738 0.134523994255861
-0.285510989754687 -0.00566649684809796
-0.0970953982195116 0.582954462874417
0.085811805626968 0.152408964562068
-0.139842800893299 0.702305887835854
0.348398276204734 -0.119389334441907
-0.386085683496063 0.376046767156713
0.422706150581455 -0.0776123868238071
-0.870386871713882 -1.1665771876341
-0.807030017201824 -1.31596708132678
-0.098104123527107 0.0818275935410735
0.512600023600946 -0.295688811745592
-0.229718437131109 0.303711321694386
-0.0195573858262802 -0.626234014153483
0.367446821271866 0.455973506209381
0.232431759905931 -0.535870192729616
-2.7626310160497 -4.0858623026246
0.307999488592226 0.73079858550143
-0.604219007025888 0.260550786782399
-0.425343929267507 -0.369893786779
-1.15743238681683 -1.8637723597976
1.22697995259132 2.26719300565813
-0.430929018063494 -0.762498832228819
0.534880652753696 1.18949288515353
0.441408366804505 0.609638753056202
0.729223276639504 1.55560048787955
-0.614085162018194 0.026867619728776
-0.422958680456889 -0.855567508329389
-0.223264304825262 -0.158614817747155
-0.886652086224462 -0.663014439572721
0.0858407121896075 0.481094170168737
0.602610432433795 -0.357556690149104
0.97613479463781 1.61204276790118
0.383056178740829 1.83670351480939
-1.36431482430002 0.717211281799254
-0.410971576765515 -0.188152359015264
1.55992900331328 1.70781157381092
-0.0411157270362964 0.142188246231807
0.207183074275645 0.785324891295725
0.409959964601848 -0.334193004359868
0.107684248713572 -0.126009747240755
-0.436806875962455 0.0208510117254647
-1.02088549508789 -0.0508508907849553
-1.35859951258061 -1.30914063142505
-0.160282045910715 -0.714130926333645
-0.0121693128377516 1.83423001657057
-0.129744928469661 -0.594250021410304
-0.274805737422813 0.404999926644078
-0.470387233165134 0.436741933094032
-1.23796852390949 0.814768087610983
0.212326503231595 -1.29498696579275
1.17506317100349 2.13884021905263
0.662227138287585 1.809413705504
0.950309373422259 0.0994784633178221
0.867979986140492 2.7218182741196
-1.3769084046001 0.789038714678121
-0.662408939061012 -0.369671795369586
0.705918859447788 1.21755438409449
0.219774772870314 0.60767753671047
-0.0733539294776961 0.429288291780108
0.643093571654959 0.770695896897782
-1.01839978441481 0.171898056760473
0.629016590754027 0.28184528112594
0.173647348769791 -1.39078250599817
0.502362989768316 0.295340802354005
-1.37685844204896 -1.90149182196662
0.143970942865686 -0.15264112179602
-0.499353960961369 0.597961521708768
0.372146953460339 1.25926223662189
-0.0397440304821683 -0.167451682885896
-0.0472051724888083 0.0330088792696961
-0.492528295487637 -0.467169184884723
-0.861651298653132 0.447186192809334
0.27970153005293 1.14899221027573
-0.331551515503432 0.540031686020612
-1.25303591621049 -1.49797800201204
0.390285975090824 1.15796108331144
-0.294888674273449 -0.112395689780122
-0.121079573638712 -0.480947164333
-0.242165842633407 0.420603620040852
1.07379705176538 0.194315802781325
-0.707123534455932 -1.0531452507482
-0.74748894848892 0.216170031532852
-0.0691053477439396 -0.146943773527569
1.19690797391383 1.22855928894259
0.0947356583345593 0.0450746195372367
0.51665372649316 0.460147779178223
-0.868674442818797 1.25905791560376
0.145480404824163 -0.268232793464615
0.323040057868513 0.683605144277149
0.829590008001919 0.13009145227783
0.131141203124673 -0.158669105505483
0.78799088427255 0.683989061367172
0.44826363467144 -0.475170828357063
0.920290231004153 0.597371876356405
0.634684099616876 0.0555502022737885
-1.03667914013443 -2.8079533137809
0.138749129856679 -0.119413030887837
-0.221403459221927 -1.00967406973695
-0.228100616060203 0.113024160832369
1.54149088378026 -0.244517335499445
1.21618087102641 0.0199050987502697
0.233120699914653 -0.805661770031313
-0.206298829100458 -0.866551537733582
-0.957860339060626 -0.0614801140147593
-0.539086233963777 -0.0984216628303625
-0.650375704912344 -1.42985879003205
0.911467918089129 1.05651533272937
-1.1411584044665 -1.71018263178439
0.429228813732163 -0.255702049521346
-1.40634505523567 -2.64881588198138
-0.831447018504411 -1.36047453520926
-1.00217877886314 -1.02367054385564
1.13803241946434 0.791970205172107
0.117643345698803 -0.0798160498470524
0.0516062406034335 -0.268851359402573
0.155184616202503 -0.195436554325124
-0.154780156779005 0.253053818205353
0.296213413284778 -0.763128895515743
-0.148801690608933 0.327298187374449
-0.20147822192856 -0.332685854050953
0.0816950385153749 -0.416418279238008
-1.14156515689218 0.552337852303084
0.706856759773146 0.770140334376357
0.765691694130992 -0.694866309715954
-0.575722725207353 -0.800112978878724
-0.781245895705969 -1.21912187823946
-0.0268429160142235 -0.443961845186785
0.441150453563024 -0.0804172929032261
2.06593388776428 2.86431805187465
0.245854940792005 -0.26528497970169
0.177940405478308 -0.0922004259395871
0.946639933209632 1.40398717410743
0.957982456062066 1.23333519776453
-0.262007722908108 -0.497319438912845
1.68756204966335 -1.43342015039402
0.602652105607292 0.489405088974914
-0.988556051365871 1.34373558767904
-0.42654806110793 -1.13686560914765
-0.330632274765691 -0.551480714268441
0.220098986950745 1.08287075474112
0.466518245719396 0.377767382586482
-0.44670190012827 -1.05517077691958
0.0520620499863935 0.127822713116537
0.690146960898022 -0.194649167573747
0.800878144771897 -0.544028470679707
0.223517720613908 -0.520161926458936
-0.258384804041207 0.535906463399763
-0.172476218996415 -0.472373413595567
-0.156390074029393 -0.0302602489827728
0.795704804437287 1.94332288216944
0.483061279521401 -0.440179874848151
-0.310279723259429 0.0585085545849458
0.00511885226401049 0.661929129844759
0.364889117394165 0.814113601965159
0.839092014628484 1.49588886400127
-0.0541781353600444 -0.176619200747515
-1.33507445587669 0.837283305184147
-0.195521905508888 0.177320209763299
-0.756365721083554 0.160500483457726
0.0300357267009091 0.95636284934866
-0.465805309388818 -0.12986680307709
-0.341378815557729 0.287736785008071
-0.549070391919624 -0.049474151323101
0.253770866742311 1.66395146056753
-0.104318172847825 -0.446455672130462
0.219384623367017 0.448813298404132
-0.0433103183833407 -0.480418546734838
-0.0437094677671105 -0.221893203457571
0.672772352530555 -0.238661868776638
0.101956972946672 -0.768174078885715
-0.994083971681606 0.274110017804789
-0.275762618032316 -0.090047226366395
-0.102285362910141 0.968913950475038
-0.218745258236479 0.267133829875427
-0.681624452922914 -1.03438673415319
-0.245952854240931 -0.312081622653984
-0.0645860543769448 -0.1646372048365
-1.19466011105514 -1.693661045496
-1.02696262793798 -0.885731910312724
0.157657676873062 0.00103732774382073
0.618187246284519 0.853300807324088
-0.185003878189551 -0.623073844514458
0.0033386524547882 -0.311897864722556
1.69261946635343 -1.2108822018781
0.131975800398924 0.731687167106751
-0.521729243924247 -0.504470086347002
-0.0316157524190488 -0.475533302597853
-0.520458163064249 0.405321794296881
0.502507888693444 1.40621827995091
-0.579359634689578 0.896703187626731
-0.27194788702746 -0.928329732238027
-0.198270846545033 -0.147467329911054
0.28063392706747 0.397008572030198
-0.0606351448654871 0.463815427732911
0.735531498126533 -0.232522105582044
0.15236756830414 -0.218103645144466
0.554870554171476 -0.291752155006548
-0.868987425243631 0.80601001143717
0.78657360297732 -0.129087013640507
0.361264506412716 -0.279365072949963
-0.129023706290055 -0.227367674767394
0.309433516047417 1.40856385867219
-0.245695819380937 -0.778479402067775
-0.55775230570478 0.373977057220797
0.169810353518413 0.37254888175317
-1.26137742859572 -0.384800505118055
-0.135977131918027 0.609472938684275
0.0759467566182298 -0.112445247185136
-0.0911271838575862 -0.0805208336554156
0.190504265320484 -1.0950021343718
-0.258866127600444 0.219989262832501
-1.24522419587423 -0.394841654627442
-0.506861544582491 -0.276029222023345
0.842730033286642 -0.682093858549345
-0.810415504995329 0.95766624627444
0.287360095984604 -1.09774803241074
1.32256283184941 1.53630780642451
-0.792556237306845 -0.210486253471442
-0.278733491990576 0.0623529817850421
0.651913831391938 0.792638570807853
-0.821640452531291 -0.304914615387902
0.48492920266845 0.160947325921131
-0.201628688463311 1.72423598144125
-0.333471235198495 -1.3240925434747
-0.504088652826946 -0.975120041828075
-0.180149011602096 -0.514102986045147
0.0960229061784496 0.0832617843747794
-0.122525662244556 0.287311014386015
-0.3700604966757 -0.924135519671892
-1.26886890643763 0.230219718905208
-0.350064692744471 0.0648973861274589
-0.229233083188048 0.779940191410529
-0.520150108893143 -0.374188956305464
-0.149513611997918 0.150051538933288
-0.255139742133871 -0.447581613116012
0.632905416197544 -0.257402452229239
-0.454047592166869 -0.277824204711737
-0.536654629722741 0.265226289539251
0.297217660918709 0.156379920271116
-0.551090562169706 -0.284885602356768
-0.643614410644719 -0.480600163998281
0.267778061886663 0.253628645310566
0.604725265923406 1.09060266376032
0.652597435395663 0.371076412640057
0.093731484847696 0.428171279674758
0.0953243865852811 -0.512776652806348
0.614732569999231 -0.203363610396978
-0.614737058214006 -1.11084647955347
0.0529790884748829 0.49212124328952
-0.949012540355711 -0.202635552054581
0.598500005266885 0.165077823052571
0.224358691278093 0.485268247812933
0.102171357714276 -0.611724728910134
0.0319361639663902 0.0691125331176288
-0.0844196653174469 1.06364317192878
0.047747860356495 0.193139981333686
0.0991150979470532 0.179625074244692
0.989844777910889 1.40266520397006
1.31119802568862 -0.430448206909481
0.517533624539783 1.06929830947221
-0.124148140201144 0.684633435026054
-0.360474265887876 0.282872598236978
0.423290909009673 -0.0874782172297919
1.04589127019049 2.81913547521574
0.170730857425264 0.985736497604552
1.51671974018521 1.7039071254583
0.618374448628539 0.162570932692988
0.405788021865332 1.3983394550715
0.318485475032219 0.285183470429752
0.119886429187331 -1.31872430106807
0.110392273216377 0.293046217938266
0.486819698892328 1.0972811990438
-1.27320570128846 0.475545106646
0.343205722723699 0.205769205575473
0.177213950622266 0.327787900209743
-0.126049011228861 -0.559880239253581
-0.190794383644036 -0.71341899167382
-0.359981169547685 -0.824209630523362
-0.0246945013041094 0.0085616373684686
-0.873566207062974 0.984592371225894
-0.297988865536473 0.907991478203999
0.194821737335195 0.709940816659174
-0.182406912729842 1.85082319713183
-0.111644104640215 -0.229574713097206
0.930266452072274 1.20693260668183
-0.745741317481369 0.132166907148177
0.53280852538228 0.103253364413413
0.321326406162712 0.923500181346997
0.125586250759223 -0.330797591403421
0.215186538232635 0.512358694090069
0.448945977901812 -0.318780265846724
0.0393487232049374 0.398028067102978
-1.04225329987826 -0.0417433807709363
0.262198268895134 -0.272187947474005
-0.587367907993196 -0.0726400238704237
0.983852950443243 0.829088505190314
0.937591591173293 0.552432653268175
0.181914996098047 -2.54404275987911
0.348899152568784 -0.434479598186309
-0.585923004178662 1.20344658965899
0.525412887053599 0.194025901442504
-0.869233534619637 -0.238302783702722
-0.292904519169983 -0.157781689460223
0.190851424430675 0.196397213171652
0.334991431209522 -0.762791874873367
0.13857988639379 1.04489336516427
-0.847291818472063 -0.474875051672499
0.420351886139715 0.721100627558972
-0.71141380601657 -1.05239304806539
-0.638414418112278 -0.202039557404905
0.0297727726516324 0.418050087617837
-0.950788389881965 -0.160102762960748
0.538113811762906 -0.284049872621457
-0.786579974153474 0.49955745864619
0.091926207733952 -0.00419633345790574
-1.88306173372208 -1.25281801151825
0.955598369785978 1.58971961460666
-0.342865716270366 -0.693141818407288
-0.743618667282002 -0.838290860831066
1.14877082922555 0.111399901091304
0.372819432261307 0.205678830136831
0.0795612481791185 -0.0568879431378365
0.283045503434827 1.47313851814436
0.179940789673046 -0.0385599216455594
0.35368080901874 -0.270468738186036
0.61580921248553 -0.366530849902159
-1.48912473712281 -2.643200058181
0.494380585665799 0.709971030886702
-0.232999658503165 -0.242542833262151
0.0643119942807396 0.305978933207783
0.177573570255595 0.313585053002637
0.512495828275043 0.512527356748303
0.486969096807049 -0.47188471026584
-0.156822059405712 0.847882390323742
-0.196578372276121 -0.537741401109893
0.329427196270653 -0.171434638740538
-0.271955693526666 -0.252767133060585
0.179537676246622 0.187788696909371
0.496062006211556 -0.208787258502105
-0.243209827696251 -0.935151802160049
-0.0112848718891565 0.457762154182731
1.32993460108187 -0.435859618611256
0.241550742277505 -0.159032312607464
0.392564387150986 0.234158711429165
0.32121831115988 0.170630049826661
-1.26961269223077 -1.25788796763291
-0.91557423491701 -2.86646887231604
-0.221939610220822 -0.359835047867839
0.454442591138589 -1.06851919264578
-0.163944892807207 -0.0861039394024198
1.44790895342531 2.47302017890505
-0.636346963346123 0.473860764696171
0.222150020736421 -0.92857329959035
1.63317167949558 0.815232736153758
0.79081339526457 0.489920271452185
0.0686435961757285 -0.13695422284985
0.938766085841316 1.28877809154878
0.173398804338007 0.609010329448851
0.428958647159727 1.52489814199824
0.199397468314625 -0.508380153917936
-0.376353084486301 0.577733988578872
0.1900115752343 0.681215192201097
0.106221047862573 0.120315044945189
0.49141568019246 0.353730179565788
-0.124551700620455 0.530462078451905
-0.296392530496903 -0.286623361966941
-0.188303917534615 0.127413533196876
0.339108497625955 -0.113657941540931
-1.06655591342536 -0.388942102452536
0.0854652117117079 -0.354490202726701
-0.363005049251625 0.988486457771993
-1.07425315532318 -1.00954974531223
-0.347101979942255 0.470953988097121
-0.431922610581147 -0.333801187448523
0.17885240861187 0.381790896279604
-0.240612462417945 -0.379865803891234
0.222739883099175 -0.143820404037851
0.0651648429196204 -1.03613256115821
0.311779969501132 -0.0529318488010521
-0.0628503391066915 0.358253959613029
-0.92064930710684 -0.436059277856029
-0.478696267345003 -0.103842790919246
-0.398214975021508 -0.442381590540063
0.345514826828082 0.415930668307467
-0.0940037955956265 0.151373692516895
0.12467410955689 -0.475635988569687
-0.44978801577415 0.21633895978255
-0.0699398682196552 0.116901270687837
-0.264271755286987 -0.346082296348378
-1.77731154650992 -2.38368766183697
0.418267839340554 0.835239831778333
0.729440109242997 0.368712206092667
-0.12119718464932 2.11592502363463
-1.65184551142444 -0.17736759055321
-1.53866591921873 -0.945713278395232
-1.15019548711578 -1.1111048577345
-0.434969152049282 -0.35518807203732
-1.48424953879008 -2.47635934476116
0.268402719739531 0.327476687662434
0.0764784105075794 -0.330961469574313
0.525225053575343 0.174564260189906
-0.359092996862648 0.476853941531878
0.209173590126708 -0.504738703194505
2.09022795211351 0.00315270224464903
-0.0895407324561152 -0.0807830255738769
-0.174254921824096 1.00447901664932
0.102100891265181 0.623588383662108
0.661767489660812 0.0338426847237734
0.901416203770455 0.309548457486204
0.652919898199186 0.0571794170472817
1.26028538621648 2.32429512456925
-0.245308873369355 -0.638199872900318
0.733018414966784 0.685426673622535
0.590780063007182 0.691503490755803
0.115161714414237 -0.0828527576937522
0.207550384192849 -1.20652008001234
-1.10109677793277 -0.936485451319815
0.520994514840271 0.129844586657162
0.340050509724979 -0.111633963088352
0.841737058739812 1.16392467099031
1.69112928387732 0.877508107928571
0.537326138451276 0.497663578423247
-1.310716544119 -1.5918480475195
-0.280180778666041 -1.10538190885331
-0.297552436712552 -2.36488110933951
-0.400378344903507 -0.361751738560978
-1.41920618116483 -0.231916552059949
1.21808081328238 0.830069359003807
1.11372795918797 1.01514712629117
-0.0810077326314463 -0.399783390543604
0.578248966511005 0.380088586959049
-0.641132552534679 0.807565860703403
0.447908262861925 0.276607786723104
-0.403929319716451 -0.096035294820491
1.26313393659721 0.971740267053662
-1.57182771467557 -0.69441717128117
-0.100813296496601 0.184061436336442
0.404792072069743 0.703724744545986
0.0289713250751856 0.179531667908153
1.01881558128343 3.64067083130284
-0.227864195334192 0.519178266473964
0.986832164731718 1.88247779008832
0.525374432810791 0.164372285720984
0.356758778756068 0.538249593498996
0.278769968430517 0.775447621997224
0.41436444473175 0.342139326587153
0.102002067255938 -0.00310629589971426
-0.327944733174701 -0.323857704149124
-0.812479871546645 -1.34248174980967
-0.957382172985307 -0.918228968062063
0.0152502647005814 -0.0934221343032203
0.541230606337422 0.335224055327943
0.0987740067046714 0.0101024603167066
-0.909399153015418 0.553136880913653
0.219390712140683 -0.319992529680367
1.10348859539783 -0.621763466986246
-0.230650468133016 -0.508506707507098
-0.332293320625591 -0.758493109842895
-0.459238157921027 -0.153796030552051
-0.326722627796878 -0.484261486319359
-0.330663418749622 -0.0171649564590613
0.343667856681942 -0.0874965160473285
-0.42211336023958 -0.0675154187163866
0.159637523459954 0.0410842289037911
0.777017734448098 -0.751386989483273
-0.452355503530775 -0.260725126321901
0.275775423257762 -0.295303245126233
-0.118172113143869 0.157357074941277
0.279047091432928 0.441938798558361
0.58260365428685 1.3281353810003
-0.510741242407653 -1.35784490592051
0.408291359854814 0.309640523369462
-1.15081662137678 -2.00659918962091
0.0511177861653724 -1.31319711946734
-0.942015976172303 0.172898939572171
-0.491583846250995 -0.454908790238277
-0.114854861396939 -0.317706060914485
0.565815612760718 0.337407191459648
0.0274689211188984 -0.00886794509157176
0.863674868135301 0.112361407867297
0.184352837966916 0.297727909289612
0.369242590498366 -0.785021135802539
-0.239951845310193 0.423315471959354
0.247224568385795 0.173578311518821
1.61939574368692 1.08426033879824
0.69193630403605 0.971311594685439
-0.211687158379804 -0.917971253101279
0.105685924389183 0.0824163811640059
0.352255613244994 -0.621768187338321
0.791324420827726 0.657884774137996
0.2871779588597 0.812275514622788
0.404893058178786 -0.735663972982805
0.112325235274084 -1.04435814736233
0.201771128071635 0.842622113009668
-0.146663437072981 -0.572376983145816
-0.814658455946678 -0.0251924826562229
-1.16135081360002 -1.3776497335559
-0.673485201896617 0.489677476541544
0.525630318567373 1.01616622155813
0.0303397514984587 -0.619244984198184
-1.43307203663446 0.420593822499322
-1.93650939584768 -0.482846869516029
-0.130639888529079 0.177101538385466
0.472680912425949 1.34800723241061
0.828272701768989 -0.268314353209185
0.897292292641391 1.03958173504668
-1.04220199926707 -1.32363894806121
1.09189027127913 0.659587707664332
-0.482935963191077 1.05876338447675
0.103969891136452 -0.362404313075103
0.379623461261425 0.0839444410226097
-0.265344176326914 0.217017632106055
-1.47436904991315 -0.266866094444325
-0.441896522534699 -0.280258365312682
-0.264149241001903 -0.0108110577840901
-0.508823984557547 -0.327757675375139
0.0748323885348087 -1.55109057049457
0.0294787683718536 -0.174403176070221
-0.410482904631045 -0.0306206750587657
1.19868792741853 3.04022920205719
1.22750522294299 -0.806358154004545
0.321214660345643 -0.518874617123068
0.140745166145361 0.445981665155934
-0.99109918986012 -0.848259382802623
-0.142120792203371 -0.056371002882846
-0.244257861216808 -0.0289360856193976
0.114790897507953 -0.43338929158688
0.65098827961302 1.24985400815874
1.06264193759268 0.617466144412055
-0.670703702712213 -0.894492385600044
0.333869699170631 0.375789880348678
0.0812020064229485 0.410293177073055
0.39876974734401 0.668452700130744
0.292437113056201 0.317393412732491
0.431169812569237 0.897733738897736
0.726409447323517 1.57175113793737
0.240953938499777 -0.276113363525526
-1.7872855103169 -1.94505872724836
0.33127453344999 0.478594875486624
0.634092878755997 -0.354957090830196
0.502888951133111 1.27906395687564
-0.087980001358381 -0.347218772880416
-0.012217812499732 -0.537306911224792
0.298149505030591 -0.390859842288532
0.56466801686678 0.0760011293621786
-2.21023997093645 -4.37338881959394
0.726381421676122 0.0859283769217582
-1.23362199717209 -1.67614294647855
-0.54120969790356 0.407900990198314
0.0539969159718624 -0.117910535553185
-0.87651852584413 -1.2092296579819
1.43928529470909 -0.44880001075538
0.626103970797514 0.0965283936479421
-0.0356242425023895 0.0826634097867901
-0.0878992642502164 0.128816549964039
0.118722096832958 0.567498292882693
0.466032226374247 1.45001888705964
0.17049568657387 0.317420240400504
0.724309250475397 -0.29625614529189
0.256101852346317 -0.786555432735259
